,1event,stat,slat,slon,5cuspid,year,doy_det,evla,evlo,10dist(ev-stat),depthkm,mag,baz,spol,wbeg,wend,20SNR,tlag,Dtlag,fast,Dfast,25anginc,anginc_corr,type_ini,timestamp,comment,30nyquist,gradeABCNR,filt_lo,filt_HI,spol-fast,35bandang,pickgrade,lambdamax,ndf,lambda2_min,40ttime,maxfreq,Elev,anginc_epi,takeoff_ang_epi,path_length_source_to_station_km,traveltime_source_to_station_s,v_avg_source_to_station_kms,SWA_source_to_station,max_ray_depth_km
29543,20080419140142120.RODGS.3-8.fb1,RODGS,64.9851,-16.8864,2008-04-19 14:01:42.120,2008,110.584,65.0238,-16.6829,10.5237,2.1,-12345,-12345,23.377,14.7,15.596604,3.74654,0.075,0.020313,-27.0,9.5,0.0,anginc_corr,ass_5_16,Apr,comment,20,ACl,3.0,8,50.377,0.0588052,1,4.94543982,32,302.8082,-1208613985.0,4.82422,1.022,36.83210757245229,56.34375518385112,12.021167448908717,4.213789116483535,2.8528165782868,1.779729810398578,3.5070226292610007
29544,20080422094741540.RODGS.4-10.fb1,RODGS,64.9851,-16.8864,2008-04-22 09:47:41.540,2008,113.408,65.1205,-16.8344,15.2951,1.9,-12345,-12345,87.058,14.3,15.460331,5.06035,0.121875,0.019531,32.0,8.25,0.0,anginc_corr,ass_5_15,Apr,comment,20,ACl,4.0,10,55.058,0.0588052,1,4.3715477,20,204.7186,-1208857985.0,7.65306,1.022,36.2671150123404,51.65220133269423,16.934176127196594,5.670618501607665,2.986301427682998,2.148988316481848,3.787760134973856
29545,20080419001335260.RODGS.3-8.fb1,RODGS,64.9851,-16.8864,2008-04-19 00:13:35.260,2008,110.009,65.1026,-16.8321,13.3455,2.3,-12345,-12345,39.734,13.9,15.535048,4.20529,0.1125,0.003906,-81.0,6.0,0.0,anginc_corr,ass_5_16,Apr,comment,20,ACl,3.0,8,59.266,0.0588052,1,3.90330911,34,305.6986,-1208563985.0,5.89744,1.022,36.52497172629485,57.58706102569988,14.828896628350092,5.015719698416309,2.956484317301912,2.242666280183414,3.659379941852409
29546,20080508170033380.RODGS.4-10.fb1,RODGS,64.9851,-16.8864,2008-05-08 17:00:33.380,2008,129.709,65.0731,-16.7128,12.7755,3.0,-12345,-12345,5.64,14.099999,15.477262,3.38475,0.103125,0.021094,59.0,10.0,0.0,anginc_corr,ass_5_15,Apr,comment,20,ACl,4.0,10,53.36,0.0588052,1,4.00157118,37,398.2226,-1210265985.0,5.25,1.022,36.409143932997246,63.53052860621048,14.084974650831985,4.728260695808282,2.978891299990852,2.180775249857448,3.7169949123119
29547,20080420043043280.RODGS.4-10.fb1,RODGS,64.9851,-16.8864,2008-04-20 04:30:43.280,2008,111.188,65.1026,-16.8342,13.3263,2.1,-12345,-12345,152.174,13.9,15.406251,5.02676,0.1625,0.020313,14.0,7.0,0.0,anginc_corr,ass_5_16,Apr,comment,20,ACl,4.0,10,41.826,0.0588052,1,2.90847588,27,140.9453,-1208665985.0,6.42857,1.022,36.57500911309113,55.83076953179041,14.862821225159871,5.049183492065395,2.943608852503825,3.217509202637814,3.6345170326464658
29548,20080309181639940.RODGS.4-10.fb1,RODGS,64.9851,-16.8864,2008-03-09 18:16:39.940,2008,69.7614,65.022,-16.6723,10.9057,2.0,-12345,-12345,14.514,14.7,15.637149,3.91719,0.040625,0.002344,-31.0,8.25,0.0,anginc_corr,ass_5_16,Apr,comment,20,ACl,4.0,10,45.514,0.0588052,1,8.74013996,24,1633.037,-1205086985.0,4.48276,1.022,36.82306981323941,55.41055331616593,12.431980963964014,4.347095083763447,2.859836448114029,0.9345117201149832,3.5114971893800435
29549,20080215225009840.RODGS.1-8.fb1,RODGS,64.9851,-16.8864,2008-02-15 22:50:09.840,2008,46.9514,65.0938,-16.5406,20.3015,1.2,-12345,-12345,135.903,13.9,15.332972,3.58384,0.11875,0.003125,-14.0,4.75,0.0,anginc_corr,ass_5_15,Apr,comment,20,ACl,1.0,8,30.097,0.0588052,1,7.3316164,37,999252.4,-1203115985.0,5.14706,1.022,34.43179357069245,38.778020947718026,22.64156812101844,7.320703046331199,3.092813351084546,1.6220052740948177,4.623723000047877
29550,20080523062418960.RODGS.1-8.fb1,RODGS,64.9851,-16.8864,2008-05-23 06:24:18.960,2008,144.267,65.0229,-16.6787,10.667,2.1,-12345,-12345,56.901,14.3,15.79541,3.51497,0.096875,0.009375,-55.0,8.75,0.0,anginc_corr,ass_5_15,Apr,comment,20,ACl,1.0,8,68.099,0.0588052,1,3.10633326,33,88177.04,-1211523985.0,3.40909,1.022,36.82689208233702,56.333297563112936,12.162160022380696,4.255668417367477,2.857873036523864,2.2760808378478714,3.5096047340291223
29551,20080215082428140.RODGS.2-6.fb1,RODGS,64.9851,-16.8864,2008-02-15 08:24:28.140,2008,46.3502,65.092,-16.5406,20.183,1.9,-12345,-12345,147.93,13.9,15.960367,5.12588,0.1,0.008594,-7.0,7.25,0.0,anginc_corr,ass_5_15,Apr,comment,20,ACl,2.0,6,25.07,0.0588052,1,5.58569288,30,23319.47,-1203063985.0,2.89474,1.022,34.24000145171729,48.24143312042733,22.26255781366532,7.067171271630132,3.150137014937545,1.4149224794834936,4.720398627052575
29552,20080121103737000.RODGS.4-10.fb1,RODGS,64.9851,-16.8864,2008-01-21 10:37:37.000,2008,21.4427,65.0059,-16.668,10.5614,4.0,-12345,-12345,132.539,14.099999,15.434007,7.27634,0.128125,0.001563,-27.0,2.25,0.0,anginc_corr,ass_5_15,Apr,comment,20,ACl,4.0,10,20.461,0.0588052,1,23.3482552,30,5790.002,-1200911985.0,6.62791,1.022,35.72578542542911,85.59328805316123,11.862662959747103,4.010554464071806,2.957861080311392,3.1938807083420784,4.050820499398576
29553,20080214012612940.RODGS.3-8.fb1,RODGS,64.9851,-16.8864,2008-02-14 01:26:12.940,2008,45.0598,65.0499,-16.5237,18.559,0.9,-12345,-12345,105.239,13.9,15.659129,4.94188,0.11875,0.025,-32.0,8.5,0.0,anginc_corr,ass_5_15,Apr,comment,20,ACl,3.0,8,42.761,0.0588052,1,5.2852993,33,6719.802,-1202951985.0,4.51172,1.022,35.2477799057771,38.54586866497933,20.842200169434083,6.9338410514413455,3.0058664475877466,1.7124894110423838,4.25267798326667
29554,20080215081505820.RODGS.4-10.fb1,RODGS,64.9851,-16.8864,2008-02-15 08:15:05.820,2008,46.3437,65.0786,-16.5194,20.1882,2.0,-12345,-12345,158.702,14.7,15.377792,3.37609,0.2,0.003906,48.0,5.75,0.0,anginc_corr,ass_5_16,Apr,comment,20,ACl,4.0,10,69.298,0.0588052,1,6.74151564,27,541.2998,-1203062985.0,5.92105,1.022,34.19168186537277,50.52422116251422,22.243885469907468,7.044695963123063,3.157536618520905,2.838443521744693,4.744903130342399
29555,20080603061650480.RODGS.1-8.fb1,RODGS,64.9851,-16.8864,2008-06-03 06:16:50.480,2008,155.262,65.0229,-16.6871,10.3003,2.1,-12345,-12345,127.741,14.3,16.099123,3.51753,0.1,0.003125,-21.0,7.0,0.0,anginc_corr,ass_5_16,Apr,comment,20,ACl,1.0,8,31.259,0.0588052,1,4.08044195,49,194701.8,-1212473985.0,2.5,1.022,36.83866702837399,56.356910659902816,11.799615821874724,4.147908971330238,2.8447142652917425,2.410503084283277,3.503775398691249
29556,20080215173243640.RODGS.4-10.fb1,RODGS,64.9851,-16.8864,2008-02-15 17:32:43.640,2008,46.731,65.0642,-16.5385,18.6154,2.0,-12345,-12345,133.882,13.9,15.427323,4.71198,0.14375,0.003906,-19.0,6.25,0.0,anginc_corr,ass_5_15,Apr,comment,20,ACl,4.0,10,27.118,0.0588052,1,7.04211569,24,369.6528,-1203096985.0,7.0,1.022,34.68498485602127,51.4115992943791,20.548331953460227,6.602950930353696,3.1119922244158684,2.17679902057597,4.498118214868803
29557,20080510053038380.RODGS.4-10.fb1,RODGS,64.9851,-16.8864,2008-05-10 05:30:38.380,2008,131.23,65.022,-16.668,11.0914,3.0,-12345,-12345,25.137,13.9,15.434007,3.89498,0.06875,0.001563,-20.0,4.25,0.0,anginc_corr,ass_5_15,Apr,comment,20,ACl,4.0,10,45.137,0.0588052,1,7.0753274,50,480.3258,-1210396985.0,6.62791,1.022,36.66421800568131,64.23265501829266,12.370345658795667,4.229903579287442,2.924498260284113,1.6252252298187386,3.590230291004353
29558,20080419215234320.RODGS.4-10.fb1,RODGS,64.9851,-16.8864,2008-04-19 21:52:34.320,2008,110.911,65.1026,-16.8257,13.4074,2.3,-12345,-12345,155.52,14.7,15.351686,5.07255,0.16875,0.003125,20.0,4.5,0.0,anginc_corr,ass_5_15,Apr,comment,20,ACl,4.0,10,44.48,0.0588052,1,5.27897835,24,259.7271,-1208641985.0,6.31098,1.022,36.515120874295945,57.56611788831109,14.8910268899576,5.033693717622105,2.958270352808048,3.351467591205904,3.664276594486579
29559,20080621175958860.RODGS.4-10.fb1,RODGS,64.9851,-16.8864,2008-06-21 17:59:58.860,2008,173.75,65.1938,-16.9866,23.7356,1.4,-12345,-12345,68.299,14.3,15.593168,3.71461,0.13125,0.007812,-1.0,7.75,0.0,anginc_corr,ass_5_16,Apr,comment,20,ACl,4.0,10,69.299,0.0588052,1,4.13226223,21,250.9494,-1214070985.0,5.34539,1.022,33.586373407512994,38.51253723724413,26.22967837527821,8.20550702356243,3.196594470025884,1.5994332290887314,5.087938522943205
29560,20080525035113060.RODGS.1-8.fb1,RODGS,64.9851,-16.8864,2008-05-25 03:51:13.060,2008,146.16,65.0131,-16.668,10.763,2.1,-12345,-12345,135.875,13.9,15.402352,9.22496,0.125,0.002344,-24.0,2.75,0.0,anginc_corr,ass_5_15,Apr,comment,20,ACl,1.0,8,20.125,0.0588052,1,11.7972517,40,520785.0,-1211686985.0,6.62791,1.022,36.82269218280098,56.32487787564392,12.262436619872409,4.285431130851937,2.8614242640820726,2.916239224806816,3.511684164273152
29561,20080525204435460.RODGS.2-6.fb1,RODGS,64.9851,-16.8864,2008-05-25 20:44:35.460,2008,146.864,65.014,-16.6723,10.6012,1.9,-12345,-12345,64.966,14.099999,15.703533,3.02011,0.1625,0.00625,-83.0,8.5,0.0,anginc_corr,ass_5_15,Apr,comment,20,ACl,2.0,6,32.034,0.0588052,1,3.99723339,38,2261.762,-1211747985.0,3.4,1.022,36.83835942138924,52.64365620162676,12.1603608735533,4.2785943104034,2.842139261482536,3.796607726857815,3.5039276719886976
29562,20080421065759640.RODGS.2-6.fb1,RODGS,64.9851,-16.8864,2008-04-21 06:57:59.640,2008,112.29,65.0212,-16.6659,11.1482,3.0,-12345,-12345,77.061,14.5,15.565077,5.28913,0.065625,0.008594,8.0,7.5,0.0,anginc_corr,ass_5_16,Apr,comment,20,ACl,2.0,6,69.061,0.0588052,1,6.20749998,32,1326.631,-1208760985.0,2.98295,1.022,36.65704914059295,64.21271100439216,12.430569587362331,4.247541786437778,2.9265326187143392,1.544919096659214,3.593787298489933
29563,20080217150221920.RODGS.1-8.fb1,RODGS,64.9851,-16.8864,2008-02-17 15:02:21.920,2008,48.6265,65.0031,-16.774,5.67042,3.1,-12345,-12345,57.648,14.3,15.534904,4.33965,0.0625,0.007812,-10.0,6.5,0.0,anginc_corr,ass_5_15,Apr,comment,20,ACl,1.0,8,67.648,0.0588052,1,5.6900363,32,376210.7,-1203260985.0,3.84615,1.022,40.34763497677384,94.38964696222584,6.635036830235678,2.56899607569097,2.582735292209851,2.43249708370854,3.1
29564,20080421032747940.RODGS.1-8.fb1,RODGS,64.9851,-16.8864,2008-04-21 03:27:47.940,2008,112.144,65.0936,-16.8448,12.2536,2.0,-12345,-12345,7.742,13.9,15.633785,3.63319,0.153125,0.005469,77.0,5.75,0.0,anginc_corr,ass_5_15,Apr,comment,20,ACl,1.0,8,69.258,0.0588052,1,3.98982668,42,24962.43,-1208747985.0,3.51562,1.022,36.72590997022092,55.22269767260803,13.801305865991925,4.7513584362192,2.904707369746249,3.2219261717116865,3.559634014210446
29565,20080325172149260.RODGS.3-8.fb1,RODGS,64.9851,-16.8864,2008-03-25 17:21:49.260,2008,85.7234,65.022,-16.6659,11.1844,3.1,-12345,-12345,176.457,14.7,15.460945,3.93716,0.05625,0.003906,-25.0,5.5,0.0,anginc_corr,ass_5_15,Apr,comment,20,ACl,3.0,8,21.457,0.0588052,1,17.4819088,25,3100.307,-1206465985.0,6.08974,1.022,36.62522131944085,66.74575664212826,12.44519922712882,4.243568740248246,2.932720073341097,1.3254770410782155,3.609583448207026
29566,20080601151224420.RODGS.1-8.fb1,RODGS,64.9851,-16.8864,2008-06-01 15:12:24.420,2008,153.633,65.022,-16.6765,10.7205,2.1,-12345,-12345,121.132,13.9,16.540466,3.1046,0.1,0.007812,-29.0,8.0,0.0,anginc_corr,ass_5_16,Apr,comment,20,ACl,1.0,8,29.868,0.0588052,1,2.82055521,43,39695.78,-1212332985.0,1.70455,1.022,36.82457207298321,56.328646385651,12.218746984065422,4.272466128864993,2.8598815334111047,2.3402481162193567,3.5107533896851164
29567,20080405220923640.RODGS.2-3.fb1,RODGS,64.9851,-16.8864,2008-04-05 22:09:23.640,2008,96.9231,65.0238,-16.6681,11.1666,3.0,-12345,-12345,139.823,14.099999,15.828995,15.4351,0.11875,0.001563,-1.0,3.75,0.0,anginc_corr,ass_5_15,Apr,comment,20,ACl,2.0,3,39.177,0.0588052,1,49.5863686,27,144.5697,-1207432985.0,2.1875,1.022,36.6556047501417,64.20869417789342,12.442570274383934,4.251055438529742,2.926936722962918,2.7928792025775806,3.594504008179123
29568,20080322095101260.RODGS.4-10.fb1,RODGS,64.9851,-16.8864,2008-03-22 09:51:01.260,2008,82.4103,65.0229,-16.6702,11.036,3.0,-12345,-12345,122.661,13.9,15.534095,4.94715,0.13125,0.003125,-26.0,6.25,0.0,anginc_corr,ass_5_16,Apr,comment,20,ACl,4.0,10,31.339,0.0588052,1,5.74155569,28,1875.639,-1206178985.0,5.9375,1.022,36.67111355839664,64.25185049299448,12.311333972271202,4.212611753139392,2.922494332191033,3.114888607341016,3.5868092067073327
29569,20080116033811940.RODGS.3-8.fb1,RODGS,64.9851,-16.8864,2008-01-16 03:38:11.940,2008,16.1514,64.9969,-16.6489,11.2844,4.1,-12345,-12345,60.43,13.9,15.361216,7.67309,0.075,0.001563,-9.0,4.0,0.0,anginc_corr,ass_5_16,Apr,comment,20,ACl,3.0,8,69.43,0.0588052,1,16.4535179,49,2670.508,-1200454985.0,4.92857,1.022,35.38887804627273,84.07455970205349,12.624392324169085,4.215950421024615,2.994435670118944,1.7788175773148396,4.192419363163553
29570,20080527163801600.RODGS.1-8.fb1,RODGS,64.9851,-16.8864,2008-05-27 16:38:01.600,2008,148.693,65.022,-16.6765,10.7205,2.3,-12345,-12345,66.982,13.9,15.524928,5.41779,0.0875,0.004688,-44.0,4.25,0.0,anginc_corr,ass_5_16,Apr,comment,20,ACl,1.0,8,69.018,0.0588052,1,6.80847883,42,55134.67,-1211905985.0,4.39655,1.022,36.8094206293292,58.19593365219419,12.161864656051977,4.234096502956019,2.872363595766231,2.0663359909960377,3.51825585001164
29571,20080125165221320.RODGS.4-10.fb1,RODGS,64.9851,-16.8864,2008-01-25 16:52:21.320,2008,25.7029,65.031,-16.6872,10.6979,3.0,-12345,-12345,130.197,13.9,15.497317,7.96264,0.13125,0.002344,-28.0,3.0,0.0,anginc_corr,ass_5_15,Apr,comment,20,ACl,4.0,10,21.803,0.0588052,1,11.755312,37,5761.981,-1201279985.0,6.62791,1.022,36.7081724521236,64.35521279327897,11.97297076711814,4.113301922273401,2.9107930789823326,3.190055361663724,3.568428463643251
29572,20080206192118720.RODGS.2-6.fb1,RODGS,64.9851,-16.8864,2008-02-06 19:21:18.720,2008,37.8063,65.0149,-16.668,10.8221,2.0,-12345,-12345,18.891,14.7,15.32274,5.97709,0.071875,0.000781,-15.0,3.75,0.0,anginc_corr,ass_5_16,Apr,comment,20,ACl,2.0,6,33.891,0.0588052,1,33.7123604,24,1941.831,-1202325985.0,4.82422,1.022,36.82642238208504,55.417047078187416,12.352084871654531,4.323383592508973,2.8570411593957807,1.6623561830058975,3.509837283663832
29573,20080419002028080.RODGS.3-8.fb1,RODGS,64.9851,-16.8864,2008-04-19 00:20:28.080,2008,110.014,65.1026,-16.83,13.3653,2.0,-12345,-12345,42.713,13.9,15.552458,4.92339,0.115625,0.022656,-80.0,7.25,0.0,anginc_corr,ass_5_16,Apr,comment,20,ACl,3.0,8,57.287,0.0588052,1,4.53291321,24,5763.225,-1208563985.0,5.89744,1.022,36.59072927837293,54.96240329581102,14.929304428931768,5.080830016623423,2.938359358625692,2.275416287399424,3.6267092163702346
29574,20080611210120880.RODGS.4-10.fb1,RODGS,64.9851,-16.8864,2008-06-11 21:01:20.880,2008,163.876,65.0676,-16.8382,9.47365,4.1,-12345,-12345,160.905,14.5,15.483032,7.4082,0.328125,0.002344,-87.0,4.0,0.0,anginc_corr,ass_5_16,Apr,comment,20,ACl,4.0,10,67.905,0.0588052,1,11.6734667,36,514.8729,-1213217985.0,6.54762,1.022,35.60581637995364,89.43554348515983,10.80349749269006,3.697678692614722,2.9216972026984407,8.856409843828317,4.100878166486812
29575,20080628182510960.RODGS.1-8.fb1,RODGS,64.9851,-16.8864,2008-06-28 18:25:10.960,2008,180.767,65.0104,-16.7316,7.82409,2.8,-12345,-12345,34.959,14.3,15.565441,3.00443,0.04375,0.003906,-7.0,9.0,0.0,anginc_corr,ass_5_15,Apr,comment,20,ACl,1.0,8,41.959,0.0588052,1,4.00911379,20,61475.72,-1214677985.0,5.7622,1.022,42.18346886282104,85.32533730854884,8.658555984809782,3.27772615537134,2.6416349549582296,1.3347073389354591,2.8414686299538534
29576,20080216222119620.RODGS.4-10.fb1,RODGS,64.9851,-16.8864,2008-02-16 22:21:19.620,2008,47.9313,65.0211,-16.7529,7.46495,4.0,-12345,-12345,28.007,13.9,15.412384,4.90597,0.05,0.000781,-12.0,8.0,0.0,anginc_corr,ass_5_16,Apr,comment,20,ACl,4.0,10,40.007,0.0588052,1,7.37388039,25,11367.43,-1203200985.0,8.25472,1.022,35.61510637345268,96.08586675026189,8.793835673414181,3.114148308581234,2.8238332930972514,1.605471966024652,4.0
29577,20080629153206140.RODGS.1-8.fb1,RODGS,64.9851,-16.8864,2008-06-29 15:32:06.140,2008,181.647,65.0229,-16.685,10.3918,2.0,-12345,-12345,134.204,14.3,15.575803,3.3836,0.08125,0.008594,66.0,5.5,0.0,anginc_corr,ass_5_15,Apr,comment,20,ACl,1.0,8,68.204,0.0588052,1,5.93766117,34,100165.5,-1214753985.0,3.46154,1.022,36.84004816973442,55.44344762722958,11.920142908819084,4.194987475182131,2.841520500201625,1.9366537330128608,3.5030917060649305
29578,20080608175952120.RODGS.4-10.fb1,RODGS,64.9851,-16.8864,2008-06-08 17:59:52.120,2008,160.75,65.022,-16.6871,10.2601,2.1,-12345,-12345,131.01,13.9,15.358811,6.12448,0.075,0.000781,-19.0,7.25,0.0,anginc_corr,ass_5_15,Apr,comment,20,ACl,4.0,10,29.99,0.0588052,1,9.11500645,38,2333.307,-1212947985.0,8.75,1.022,36.83964963667098,56.358881647540365,11.759091685697925,4.135849588701327,2.84321067135092,1.8132631164590407,3.5032889866433274
29579,20080206023044940.RODGS.2-6.fb1,RODGS,64.9851,-16.8864,2008-02-06 02:30:44.940,2008,37.1046,65.0032,-16.668,10.5005,3.3,-12345,-12345,104.236,13.9,15.597534,5.6224,0.1,0.004688,-22.0,8.0,0.0,anginc_corr,ass_5_16,Apr,comment,20,ACl,2.0,6,53.764,0.0588052,1,5.71719408,36,9727.648,-1202264985.0,4.79839,1.022,36.642357791671536,73.1736548559069,11.725438736529918,4.019050089112636,2.9174651911638083,2.487765152073962,3.6010778049144987
29580,20080204223156640.RODGS.1-8.fb1,RODGS,64.9851,-16.8864,2008-02-04 22:31:56.640,2008,35.9387,65.0059,-16.668,10.5614,4.1,-12345,-12345,5.814,13.9,15.629001,8.92625,0.059375,0.003906,-18.0,6.0,0.0,anginc_corr,ass_5_15,Apr,comment,20,ACl,1.0,8,23.814,0.0588052,1,6.86105442,38,7318339.0,-1202163985.0,2.85,1.022,35.512557845024794,86.09407845852905,11.888227040057696,4.008433040900272,2.9658040732514435,1.4811708932768397,4.140099849477598
29581,20080213011259200.RODGS.3-8.fb1,RODGS,64.9851,-16.8864,2008-02-13 01:12:59.200,2008,44.0506,65.0301,-16.6893,10.5625,3.0,-12345,-12345,140.004,13.9,15.470969,6.42088,0.125,0.003125,-15.0,4.25,0.0,anginc_corr,ass_5_15,Apr,comment,20,ACl,3.0,8,24.996,0.0588052,1,9.57116699,25,33788.31,-1202864985.0,5.60764,1.022,36.7218560659655,64.393463922359,11.837116362533918,4.073353512094126,2.9059879844429246,3.0680024488916047,3.56164380387943
29582,20080401233020700.RODGS.2-3.fb1,RODGS,64.9851,-16.8864,2008-04-01 23:30:20.700,2008,92.9793,65.0229,-16.6681,11.1286,3.0,-12345,-12345,11.593,14.5,15.782181,16.0879,0.23125,0.004688,-41.0,5.75,0.0,anginc_corr,ass_5_15,Apr,comment,20,ACl,2.0,3,52.593,0.0588052,1,14.4120073,27,717.3347,-1207092985.0,2.8125,1.022,36.660246275433245,64.22160399022377,12.4038489564186,4.239717033458833,2.925631323630891,5.450322751713088,3.5922009210375423
29583,20080214064700020.RODGS.4-10.fb1,RODGS,64.9851,-16.8864,2008-02-14 06:47:00.020,2008,45.2826,65.0696,-16.5215,19.6045,1.6,-12345,-12345,137.528,14.3,15.361564,3.65966,0.128125,0.002344,-18.0,3.75,0.0,anginc_corr,ass_5_16,Apr,comment,20,ACl,4.0,10,24.472,0.0588052,1,15.947669,39,580.348,-1202971985.0,5.87171,1.022,34.555482618290704,42.11758948180408,21.727246091944423,6.989789876446247,3.1084262153801685,1.8328768327293687,4.56205541347209
29584,20080216023217700.RODGS.2-3.fb1,RODGS,64.9851,-16.8864,2008-02-16 02:32:17.700,2008,47.1057,65.084,-16.5406,19.6664,1.3,-12345,-12345,119.213,14.099999,16.094196,21.1223,0.11875,0.001563,-27.0,2.75,0.0,anginc_corr,ass_5_15,Apr,comment,20,ACl,2.0,3,33.787,0.0588052,1,150.653152,24,238.5588,-1203128985.0,2.33333,1.022,34.61270685217019,39.36691079628682,21.91766479247747,7.10860343769388,3.08325889671345,1.6703944393896109,4.5336769539977295
29585,20080202114901500.RODGS.2-6.fb1,RODGS,64.9851,-16.8864,2008-02-02 11:49:01.500,2008,33.4922,65.0131,-16.6892,9.80929,2.1,-12345,-12345,98.316,13.9,15.698239,3.99133,0.265625,0.005469,-54.0,5.0,0.0,anginc_corr,ass_5_15,Apr,comment,20,ACl,2.0,6,27.684,0.0588052,1,3.98095155,41,9239.103,-1201952985.0,3.93519,1.022,43.02393291425468,71.3322654045623,10.635032708899066,3.994456804663837,2.662447794273766,6.642505089326889,2.6445678124279883
29586,20080419102011300.RODGS.3-8.fb1,RODGS,64.9851,-16.8864,2008-04-19 10:20:11.300,2008,110.431,65.1026,-16.83,13.3653,2.1,-12345,-12345,48.017,14.099999,15.56812,4.39096,0.115625,0.002344,-85.0,5.75,0.0,anginc_corr,ass_5_15,Apr,comment,20,ACl,3.0,8,46.983,0.0588052,1,5.80124521,33,1201.473,-1208599985.0,5.55556,1.022,36.56937732968016,55.81958930111696,14.901344865200176,5.06036148936602,2.9447194427738537,2.284617663970323,3.637314586606768
29587,20080510011425700.RODGS.2-6.fb1,RODGS,64.9851,-16.8864,2008-05-10 01:14:25.700,2008,131.052,65.031,-16.6893,10.61,2.1,-12345,-12345,71.48,14.7,15.628198,3.17955,0.096875,0.003906,-45.0,7.25,0.0,anginc_corr,ass_5_15,Apr,comment,20,ACl,2.0,6,63.52,0.0588052,1,14.9125557,25,20149.53,-1210381985.0,4.21296,1.022,36.82894286704668,56.337409350981815,12.10927805188106,4.239965086418214,2.855985321829758,2.284508440787647,3.5085894027024818
29588,20080524060606560.RODGS.1-8.fb1,RODGS,64.9851,-16.8864,2008-05-24 06:06:06.560,2008,145.254,65.0203,-16.6659,11.1129,2.4,-12345,-12345,170.277,14.5,15.551505,4.46873,0.053125,0.005469,-31.0,5.75,0.0,anginc_corr,ass_5_16,Apr,comment,20,ACl,1.0,8,21.277,0.0588052,1,9.62539387,32,43299.21,-1211608985.0,5.9375,1.022,36.7724220845667,59.1009454515494,12.531809442571252,4.333213434254186,2.8920360450069023,1.2259493952456069,3.5365824629448177
29589,20080519011614800.RODGS.1-8.fb1,RODGS,64.9851,-16.8864,2008-05-19 01:16:14.800,2008,140.053,65.0149,-16.668,10.8221,2.1,-12345,-12345,3.031,14.7,15.533404,4.14354,0.075,0.002344,-31.0,6.0,0.0,anginc_corr,ass_5_16,Apr,comment,20,ACl,1.0,8,34.031,0.0588052,1,7.1619668,27,62163.28,-1211159985.0,4.82422,1.022,36.81999512222243,56.31947171812012,12.322213375208062,4.303164063181814,2.8635239545333206,1.7427712272237272,3.513019577662961
29590,20080419232211500.RODGS.3-8.fb1,RODGS,64.9851,-16.8864,2008-04-19 23:22:11.500,2008,110.974,65.1026,-16.8364,13.3077,2.2,-12345,-12345,42.732,14.099999,15.482817,4.90087,0.115625,0.003906,-78.0,5.75,0.0,anginc_corr,ass_5_16,Apr,comment,20,ACl,3.0,8,59.268,0.0588052,1,5.27017689,27,1945.406,-1208646985.0,5.89744,1.022,36.555189005681925,56.70988647701344,14.816807799614338,5.023859186859023,2.9492880370474683,2.3012128358416817,3.644363454063028
29591,20080106161330820.RODGS.3-8.fb1,RODGS,64.9851,-16.8864,2008-01-06 16:13:30.820,2008,6.67592,64.9969,-16.7082,8.50867,5.4,-12345,-12345,142.764,14.3,15.280159,6.32487,0.171875,0.004688,31.0,4.25,0.0,anginc_corr,ass_5_16,Apr,comment,20,ACl,3.0,8,68.236,0.0588052,1,9.43889427,28,10198.85,-1199635985.0,6.40244,1.022,32.01586658158165,104.46830849347286,10.358567307531416,3.4693517516391514,2.9857356789023606,4.951059536198699,5.4
29592,20080214005805780.RODGS.1-8.fb1,RODGS,64.9851,-16.8864,2008-02-14 00:58:05.780,2008,45.0403,65.066,-16.5407,18.623,1.9,-12345,-12345,143.362,14.099999,15.824233,3.5425,0.103125,0.010156,-12.0,6.75,0.0,anginc_corr,ass_5_15,Apr,comment,20,ACl,1.0,8,24.638,0.0588052,1,3.58126044,37,181718.1,-1202950985.0,3.4375,1.022,34.747484073103024,49.08096671180493,20.57466832875739,6.627912576444051,3.1042455813133145,1.5558255818660882,4.470519573743123
29593,20080213075953320.RODGS.2-6.fb1,RODGS,64.9851,-16.8864,2008-02-13 07:59:53.320,2008,44.3332,65.057,-16.5216,18.9739,0.5,-12345,-12345,109.374,13.9,15.675967,3.19759,0.115625,0.005469,-32.0,6.5,0.0,anginc_corr,ass_5_15,Apr,comment,20,ACl,2.0,6,38.626,0.0588052,1,5.50736046,34,3692.3,-1202889985.0,3.27381,1.022,35.19461999912062,36.8227969287538,21.460202352311363,7.199813513507281,2.980660861847427,1.6058408409705294,4.275552063615235
29594,20080215032434460.RODGS.3-8.fb1,RODGS,64.9851,-16.8864,2008-02-15 03:24:34.460,2008,46.142,65.0741,-16.5343,19.3308,2.2,-12345,-12345,127.836,14.099999,15.417295,4.08154,0.128125,0.003125,-21.0,6.0,0.0,anginc_corr,ass_5_15,Apr,comment,20,ACl,3.0,8,31.164,0.0588052,1,6.329597,36,1275.23,-1203045985.0,4.77273,1.022,34.419774795090206,52.49626976844244,21.25904273673249,6.760034127441111,3.1448129308157378,1.895160484909297,4.6297580916608565
29595,20080322154823580.RODGS.3-8.fb1,RODGS,64.9851,-16.8864,2008-03-22 15:48:23.580,2008,82.6585,65.031,-16.6681,11.4976,4.0,-12345,-12345,115.72,14.3,15.561862,4.20716,0.1375,0.01875,-36.0,8.5,0.0,anginc_corr,ass_5_15,Apr,comment,20,ACl,3.0,8,28.28,0.0588052,1,4.41033649,28,9222.473,-1206200985.0,5.23897,1.022,35.533523487761606,82.92536559349237,12.822074540397452,4.280979830138463,2.9951261274647814,3.2110535871559875,4.131278366675455
29596,20080419110338100.RODGS.0.4-4.fb1,RODGS,64.9851,-16.8864,2008-04-19 11:03:38.100,2008,110.461,65.0203,-16.6638,11.2066,3.0,-12345,-12345,91.87,13.9,15.89915,9.1242,0.0875,0.007812,-24.0,4.25,0.0,anginc_corr,ass_5_16,Apr,comment,20,ACl,0.4,4,64.13,0.0588052,1,10.105731,50,2537170.0,-1208602985.0,2.46094,1.022,36.65006942073543,64.19330521179644,12.488161640870963,4.264400750939368,2.9284681178522103,2.051655022397369,3.597250775186615
29597,20080527150826720.RODGS.0.5-5.fb1,RODGS,64.9851,-16.8864,2008-05-27 15:08:26.720,2008,148.631,65.0203,-16.6808,10.4599,2.4,-12345,-12345,82.13,13.9,15.802231,9.80483,0.10625,0.007812,-38.0,9.25,0.0,anginc_corr,ass_5_15,Apr,comment,20,ACl,0.5,5,59.87,0.0588052,1,4.43855095,34,3635345.0,-1211900985.0,2.57353,1.022,36.81440629334343,59.1949183363231,11.874975708603806,4.138923721434364,2.869097501629838,2.56666970265087,3.515786961157976
29598,20080215061423780.RODGS.2-3.fb1,RODGS,64.9851,-16.8864,2008-02-15 06:14:23.780,2008,46.2599,65.0669,-16.5385,18.7589,2.1,-12345,-12345,40.746,13.9,15.957446,3.08043,0.2625,0.009375,13.0,5.0,0.0,anginc_corr,ass_5_15,Apr,comment,20,ACl,2.0,3,27.746,0.0588052,1,11.5641022,27,99.54964,-1203055985.0,2.64706,1.022,34.639939835795325,52.116172246122105,20.66900053663108,6.621255274563465,3.121613603395434,3.962948494117313,4.520178525464908
29599,20080108102151420.RODGS.2-6.fb1,RODGS,64.9851,-16.8864,2008-01-08 10:21:51.420,2008,8.43172,65.0131,-16.6892,9.80929,6.0,-12345,-12345,173.303,14.3,15.394444,4.36116,0.196875,0.00625,-29.0,4.75,0.0,anginc_corr,ass_5_15,Apr,comment,20,ACl,2.0,6,22.303,0.0588052,1,6.07538128,26,5725.76,-1199787985.0,3.40909,1.022,31.468431075993884,106.412047974442,11.811277578127989,3.851805497177601,3.066426273803977,5.107905500083376,6.0
29600,20080527152842220.RODGS.0.5-5.fb1,RODGS,64.9851,-16.8864,2008-05-27 15:28:42.220,2008,148.645,65.0203,-16.6787,10.5528,2.4,-12345,-12345,114.564,14.099999,16.226383,11.1613,0.11875,0.004688,-22.0,7.75,0.0,anginc_corr,ass_5_15,Apr,comment,20,ACl,0.5,5,43.436,0.0588052,1,5.5335207,35,1561010.0,-1211901985.0,2.1875,1.022,36.80955425410746,59.18404749282927,11.967030341047606,4.166206171175995,2.872404736914321,2.849736328728625,3.51818967724528
29601,20080312183153720.RODGS.4-10.fb1,RODGS,64.9851,-16.8864,2008-03-12 18:31:53.720,2008,72.772,65.0229,-16.6681,11.1286,2.9,-12345,-12345,15.586,14.3,15.481864,3.66089,0.06875,0.001563,-24.0,7.0,0.0,anginc_corr,ass_5_16,Apr,comment,20,ACl,4.0,10,39.586,0.0588052,1,6.93288469,31,1792.933,-1205346985.0,5.9375,1.022,36.68404907501243,63.35915322457801,12.42416742521247,4.254353302816884,2.9203421861993,1.6158863004179125,3.5803923475880985
29602,20080519134713420.RODGS.2-6.fb1,RODGS,64.9851,-16.8864,2008-05-19 13:47:13.420,2008,140.574,65.0203,-16.685,10.2745,2.0,-12345,-12345,151.605,14.7,15.659915,6.8259,0.125,0.004688,-5.0,4.75,0.0,anginc_corr,ass_5_15,Apr,comment,20,ACl,2.0,6,23.395,0.0588052,1,13.4728594,25,3399.527,-1211204985.0,3.58696,1.022,36.84236552730006,55.44793889636973,11.806400878026611,4.161122928427865,2.8373112453294547,3.0033194134404084,3.5019445954104853
29603,20080215224039340.RODGS.3-8.fb1,RODGS,64.9851,-16.8864,2008-02-15 22:40:39.340,2008,46.9448,65.0687,-16.5406,18.7696,2.0,-12345,-12345,133.241,13.9,15.527077,3.45011,0.11875,0.005469,-15.0,7.75,0.0,anginc_corr,ass_5_15,Apr,comment,20,ACl,3.0,8,31.759,0.0588052,1,3.28939223,30,2775.323,-1203114985.0,6.25,1.022,34.664209329356034,51.373988421758014,20.70965255403305,6.646989035298503,3.1156441576863565,1.7863806548419348,4.508152728953997
29604,20080421175950880.RODGS.3-8.fb1,RODGS,64.9851,-16.8864,2008-04-21 17:59:50.880,2008,112.75,65.1296,-16.7748,16.9415,1.1,-12345,-12345,48.73,13.9,15.547575,4.68043,0.046875,0.007031,25.0,8.25,0.0,anginc_corr,ass_5_15,Apr,comment,20,ACl,3.0,8,23.73,0.0588052,1,5.16646957,39,79.1161,-1208800985.0,5.60764,1.022,36.06392719496848,40.29996604999505,18.959937242025926,6.399899365520157,2.962536777402115,0.7324235691385184,3.889339231308228
29605,20080121085235860.RODGS.1-8.fb1,RODGS,64.9851,-16.8864,2008-01-21 08:52:35.860,2008,21.3697,65.0131,-16.668,10.763,3.1,-12345,-12345,14.034,13.9,15.927566,5.90509,0.071875,0.002344,-25.0,7.0,0.0,anginc_corr,ass_5_15,Apr,comment,20,ACl,1.0,8,39.034,0.0588052,1,4.41449881,45,873727.6,-1200905985.0,2.85,1.022,36.676660937112125,66.90726695205454,12.021221442587166,4.119425937980348,2.918178800534734,1.7446491756999194,3.5840572132596407
29606,20080516070751660.RODGS.2-6.fb1,RODGS,64.9851,-16.8864,2008-05-16 07:07:51.660,2008,137.297,65.0229,-16.6723,10.9435,2.8,-12345,-12345,138.462,13.9,16.104414,4.75312,0.1,0.003125,-11.0,6.0,0.0,anginc_corr,ass_5_16,Apr,comment,20,ACl,2.0,6,30.538,0.0588052,1,6.03297281,41,2094.735,-1210921985.0,2.46094,1.022,36.72419764290934,62.56303553141508,12.261002977333568,4.21531601265928,2.9086794300858534,2.3719677035543896,3.5604829156796294
29607,20080309173124560.RODGS.3-8.fb1,RODGS,64.9851,-16.8864,2008-03-09 17:31:24.560,2008,69.73,65.0292,-16.6872,10.6042,2.2,-12345,-12345,6.336,14.5,15.884248,3.38774,0.246875,0.007031,70.0,8.0,0.0,anginc_corr,ass_5_15,Apr,comment,20,ACl,3.0,8,63.664,0.0588052,1,3.50524592,32,2242.246,-1205083985.0,3.21429,1.022,36.82301132826191,57.26310818312287,12.072604604065994,4.2181756530318255,2.8620440676501406,5.847645363625276,3.511526146790517
29608,20080125071538620.RODGS.3-8.fb1,RODGS,64.9851,-16.8864,2008-01-25 07:15:38.620,2008,25.3024,65.0238,-16.7253,8.7353,1.3,-12345,-12345,64.446,14.7,15.307761,4.18277,0.0375,0.003906,15.0,7.5,0.0,anginc_corr,ass_5_16,Apr,comment,20,ACl,3.0,8,49.446,0.0588052,1,5.43548536,15,4429.759,-1201244985.0,5.9375,1.022,44.91021357098568,52.03153452544375,9.617449377995232,3.79035768569648,2.537346122844347,0.9893283302545796,2.286763247209535
29609,20080420001909460.RODGS.4-10.fb1,RODGS,64.9851,-16.8864,2008-04-20 00:19:09.460,2008,111.013,65.1026,-16.8576,13.1634,3.8,-12345,-12345,171.43,14.3,15.411496,3.91959,0.2125,0.003125,-47.0,8.25,0.0,anginc_corr,ass_5_15,Apr,comment,20,ACl,4.0,10,38.43,0.0588052,1,7.87347555,20,81.70721,-1208650985.0,7.0,1.022,35.39553563621539,78.45826373944632,14.53943121472722,4.775588437735891,3.0445318737768727,4.447513003756143,4.189583230287908
29610,20080221015222900.RODGS.3-8.fb1,RODGS,64.9851,-16.8864,2008-02-21 01:52:22.900,2008,52.0779,65.0212,-16.6702,10.9617,3.0,-12345,-12345,132.565,13.9,15.408714,6.81606,0.128125,0.002344,-27.0,3.25,0.0,anginc_corr,ass_5_15,Apr,comment,20,ACl,3.0,8,20.435,0.0588052,1,17.5262012,28,23944.11,-1203558985.0,6.08974,1.022,36.67930022727524,64.27465519954633,12.23980446198729,4.19164053619693,2.9200510769686487,3.055965442418085,3.5827479601550047
29611,20080609075424940.RODGS.3-8.fb1,RODGS,64.9851,-16.8864,2008-06-09 07:54:24.940,2008,161.329,65.0212,-16.6702,10.9617,2.1,-12345,-12345,68.684,14.7,15.499664,4.41491,0.065625,0.001563,23.0,8.0,0.0,anginc_corr,ass_5_16,Apr,comment,20,ACl,3.0,8,45.684,0.0588052,1,15.5258198,20,620.5767,-1212997985.0,5.92105,1.022,36.81317358982947,56.305800775353816,12.46107897704918,4.344331814247241,2.868353410801417,1.510502869595598,3.516397378016819
29612,20080410061352540.RODGS.4-10.fb1,RODGS,64.9851,-16.8864,2008-04-10 06:13:52.540,2008,101.26,65.022,-16.6723,10.9057,2.1,-12345,-12345,79.889,14.5,15.499664,4.62201,0.0625,0.000781,34.0,2.75,0.0,anginc_corr,ass_5_16,Apr,comment,20,ACl,4.0,10,45.889,0.0588052,1,10.8354111,39,806.9103,-1207807985.0,5.92105,1.022,36.816162318506834,56.31178999459826,12.402167932111055,4.326871869594207,2.8663127325917754,1.4443862012939237,3.5149174200016944
29613,20080406162248180.RODGS.4-10.fb1,RODGS,64.9851,-16.8864,2008-04-06 16:22:48.180,2008,97.6824,65.0229,-16.6659,11.2213,3.0,-12345,-12345,136.468,14.5,15.497317,7.37557,0.128125,0.002344,-22.0,2.75,0.0,anginc_corr,ass_5_15,Apr,comment,20,ACl,4.0,10,21.532,0.0588052,1,20.9328918,24,619.8502,-1207498985.0,6.62791,1.022,36.64850207727613,64.18894913623406,12.500958552277694,4.268145673898543,2.928896881080272,3.0012131342829207,3.598028565546961
29614,20080201140154500.RODGS.2-3.fb1,RODGS,64.9851,-16.8864,2008-02-01 14:01:54.500,2008,32.5845,65.0122,-16.668,10.7348,2.0,-12345,-12345,5.928,13.9,15.73494,46.3638,0.25,0.003125,-20.0,3.0,0.0,anginc_corr,ass_5_16,Apr,comment,20,ACl,2.0,3,25.928,0.0588052,1,26.5803471,30,356734.0,-1201874985.0,2.46094,1.022,36.82982659519062,55.42364167394372,12.263777752779818,4.297161722672962,2.853925112492947,5.812879089733514,3.508151882539013
29615,20080523032022560.RODGS.3-8.fb1,RODGS,64.9851,-16.8864,2008-05-23 03:20:22.560,2008,144.139,65.0229,-16.6681,11.1286,2.1,-12345,-12345,119.988,13.9,15.483735,3.46881,0.140625,0.003906,-23.0,9.0,0.0,anginc_corr,ass_5_16,Apr,comment,20,ACl,3.0,8,37.012,0.0588052,1,3.54822159,24,1103.409,-1211512985.0,5.85938,1.022,36.804185757729,56.287793986779626,12.623946183447842,4.39256539463889,2.873934716795639,3.200612252570778,3.52084831889512
29616,20080512024441400.RODGS.1-8.fb1,RODGS,64.9851,-16.8864,2008-05-12 02:44:41.400,2008,133.114,65.1367,-16.8388,17.045,0.2,-12345,-12345,128.345,14.099999,15.405983,4.27465,0.140625,0.007031,-31.0,6.5,0.0,anginc_corr,ass_5_16,Apr,comment,20,ACl,1.0,8,20.655,0.0588052,1,5.88961172,24,841363.8,-1210559985.0,4.85294,1.022,36.20967842232693,36.88176302294848,19.46857990902047,6.763107979734886,2.878643955908514,2.079070806021832,3.816414243571408
29617,20080315100250500.RODGS.2-6.fb1,RODGS,64.9851,-16.8864,2008-03-15 10:02:50.500,2008,75.4185,65.0149,-16.668,10.8221,3.9,-12345,-12345,149.457,13.9,15.638189,4.88323,0.1,0.003125,-1.0,9.0,0.0,anginc_corr,ass_5_16,Apr,comment,20,ACl,2.0,6,29.543,0.0588052,1,5.69423485,37,19528.85,-1205574985.0,2.76316,1.022,35.92272836788033,85.645914110456,12.101255323639675,4.089174073761371,2.9593397359356,2.445116097153744,3.961633754915592
29618,20080512163325780.RODGS.2-3.fb1,RODGS,64.9851,-16.8864,2008-05-12 16:33:25.780,2008,133.69,65.0229,-16.6808,10.5751,2.0,-12345,-12345,12.916,14.3,15.679974,10.4827,0.21875,0.003125,-34.0,4.25,0.0,anginc_corr,ass_5_15,Apr,comment,20,ACl,2.0,3,46.916,0.0588052,1,31.8616161,15,227.597,-1210609985.0,2.1875,1.022,36.835261342206046,55.43417146731895,12.101287195167393,4.248874069686835,2.84811622954486,5.145015646878193,3.5054613342901986
29619,20080316222345480.RODGS.1-8.fb1,RODGS,64.9851,-16.8864,2008-03-16 22:23:45.480,2008,76.933,65.022,-16.668,11.0914,3.0,-12345,-12345,134.521,13.9,15.964887,4.48218,0.125,0.004688,-23.0,5.5,0.0,anginc_corr,ass_5_15,Apr,comment,20,ACl,1.0,8,22.479,0.0588052,1,3.90216064,39,64223.38,-1205705985.0,2.85,1.022,36.66421800568131,64.23265501829266,12.370345658795667,4.229903579287442,2.924498260284113,2.954505208374769,3.590230291004353
29620,20080216011216380.RODGS.4-10.fb1,RODGS,64.9851,-16.8864,2008-02-16 01:12:16.380,2008,47.0501,65.075,-16.5194,19.9854,2.1,-12345,-12345,113.553,14.099999,15.534485,4.20026,0.25625,0.020313,47.0,9.0,0.0,anginc_corr,ass_5_16,Apr,comment,20,ACl,4.0,10,66.553,0.0588052,1,6.10511494,32,633.4135,-1203123985.0,5.92105,1.022,34.22309198312547,51.34537549062735,21.997293449315126,6.965238278766757,3.158153758554531,3.677739946237324,4.728971166770834
29621,20080509153745700.RODGS.1-8.fb1,RODGS,64.9851,-16.8864,2008-05-09 15:37:45.700,2008,130.651,65.014,-16.668,10.7921,2.0,-12345,-12345,127.431,13.9,15.534095,5.14425,0.1375,0.003125,-29.0,4.0,0.0,anginc_corr,ass_5_16,Apr,comment,20,ACl,1.0,8,23.569,0.0588052,1,6.15033579,45,221249.6,-1210347985.0,5.9375,1.022,36.82762595034741,55.419378522110485,12.32178939122348,4.314389328789646,2.8559753077917565,3.186200698503683,3.509241397210009
29622,20080419050928400.RODGS.1-8.fb1,RODGS,64.9851,-16.8864,2008-04-19 05:09:28.400,2008,110.215,65.0999,-16.8193,13.1845,1.5,-12345,-12345,59.051,13.9,15.482976,3.67651,0.125,0.003906,-83.0,8.0,0.0,anginc_corr,ass_5_15,Apr,comment,20,ACl,1.0,8,37.949,0.0588052,1,3.21185708,43,113737.0,-1208581985.0,5.06757,1.022,36.68820058903189,42.67784478237346,14.920966469316197,5.158804359525767,2.8923303597982986,2.422686525473239,3.5783331548484725
29623,20080325122051200.RODGS.3-8.fb1,RODGS,64.9851,-16.8864,2008-03-25 12:20:51.200,2008,85.5144,65.0229,-16.685,10.3918,2.3,-12345,-12345,151.079,13.9,15.563218,5.57851,0.11875,0.004688,-8.0,4.75,0.0,anginc_corr,ass_5_15,Apr,comment,20,ACl,3.0,8,20.921,0.0588052,1,9.52613926,29,4768.654,-1206447985.0,5.74324,1.022,36.82525150921945,58.23005953721137,11.8325821228372,4.136443500199288,2.860569018352873,2.870232428811903,3.510416991626694
29624,20080323183604300.RODGS.2-6.fb1,RODGS,64.9851,-16.8864,2008-03-23 18:36:04.300,2008,83.7749,65.0212,-16.6659,11.1482,2.5,-12345,-12345,136.641,14.7,15.470969,5.90909,0.121875,0.001563,-22.0,1.5,0.0,anginc_corr,ass_5_15,Apr,comment,20,ACl,2.0,6,21.359,0.0588052,1,57.8433418,30,964.7933,-1206296985.0,5.60764,1.022,36.755590709468514,60.07560348272867,12.542345083632137,4.326326107236843,2.899075282987101,2.816496657355572,3.5449225323482416
29625,20080409062950320.RODGS.2-3.fb1,RODGS,64.9851,-16.8864,2008-04-09 06:29:50.320,2008,100.271,65.0336,-16.7508,8.37392,2.6,-12345,-12345,0.64,13.9,15.73494,11.5305,0.1375,0.0,-47.0,0.5,0.0,anginc_corr,ass_5_16,Apr,comment,20,ACl,2.0,3,47.64,0.0588052,1,1632.38757,20,19.80225,-1207722985.0,2.46094,1.022,42.62748925256263,81.47677005068444,9.179766416548135,3.468849962080093,2.6463428850763826,3.9622939455945527,2.736296704930321
29626,20080412135503160.RODGS.4-10.fb1,RODGS,64.9851,-16.8864,2008-04-12 13:55:03.160,2008,103.58,65.022,-16.668,11.0914,3.0,-12345,-12345,3.715,13.9,15.505764,4.43923,0.121875,0.004688,25.0,5.0,0.0,anginc_corr,ass_5_15,Apr,comment,20,ACl,4.0,10,21.285,0.0588052,1,5.3837471,26,371.4827,-1208007985.0,5.74324,1.022,36.66421800568131,64.23265501829266,12.370345658795667,4.229903579287442,2.924498260284113,2.880673610940221,3.590230291004353
29627,20080201220526980.RODGS.4-10.fb1,RODGS,64.9851,-16.8864,2008-02-01 22:05:26.980,2008,32.9203,65.0337,-16.6872,10.8438,4.1,-12345,-12345,133.127,14.7,15.383686,3.87962,0.128125,0.001563,-26.0,2.5,0.0,anginc_corr,ass_5_16,Apr,comment,20,ACl,4.0,10,20.873,0.0588052,1,29.2436638,21,380.4756,-1201902985.0,7.02778,1.022,35.468502836759846,85.275310975418,12.177858832037288,4.09038220676131,2.977193381075137,3.1315799145907874,4.158661252653807
