,1event,stat,slat,slon,5cuspid,year,doy_det,evla,evlo,10dist(ev-stat),depthkm,mag,baz,spol,wbeg,wend,20SNR,tlag,Dtlag,fast,Dfast,25anginc,anginc_corr,type_ini,timestamp,comment,30nyquist,gradeABCNR,filt_lo,filt_HI,spol-fast,35bandang,pickgrade,lambdamax,ndf,lambda2_min,40ttime,maxfreq,Elev,anginc_epi,takeoff_ang_epi,path_length_source_to_station_km,traveltime_source_to_station_s,v_avg_source_to_station_kms,SWA_source_to_station,max_ray_depth_km
38258,20140915164342820.SOFA.4-10.fb1,SOFA,64.9789,-16.8376,2014-09-15 16:43:42.820,2014,258.697,65.014,-16.6574,9.3548,2.1,-12345,-12345,105.31,14.099999,15.466269,5.04151,0.025,0.00125,65.0,5.0,0.0,anginc_corr,ass_5_15,Apr,comment,25,ACl,4.0,10,40.31,0.0588052,1,13.5350494,45,86756.8,-1410798985.0,7.33963,1.004,43.29759962335604,72.21856009223033,10.15903268475024,3.840954886205564,2.6449237196811324,0.6508729201073038,2.582350605866812
38259,20150819013943020.SOFA.4-10.fb1,SOFA,64.9789,-16.8376,2015-08-19 01:39:43.020,2015,231.069,65.0194,-16.6659,9.26771,2.2,-12345,-12345,52.44,13.9,15.334211,5.49005,0.05625,0.00375,-12.0,5.5,0.0,anginc_corr,ass_5_15,Apr,comment,50,ACl,4.0,10,64.44,0.0588052,1,3.3244133,58,481.1211,-1439947985.0,7.29668,1.004,43.155327765518415,73.72816867490465,10.071582427001454,3.80163694301024,2.649275188026372,1.4795447984027987,2.614543051865754
38260,20140915045657560.SOFA.4-10.fb1,SOFA,64.9789,-16.8376,2014-09-15 04:56:57.560,2014,258.206,65.0597,-16.5577,15.9765,2.0,-12345,-12345,47.015,14.099999,15.439395,3.92977,0.0575,0.0025,27.0,10.0,0.0,anginc_corr,ass_5_16,Apr,comment,25,ACl,4.0,10,20.015,0.0588052,1,12.0956392,40,47381.52,-1410756985.0,7.57324,1.004,36.07947240586361,53.98880458924811,17.601237311805754,5.844760740361738,3.0114555742646867,0.9837632600522284,3.881449604487922
38261,20150713030145740.SOFA.3-8.fb1,SOFA,64.9789,-16.8376,2015-07-13 03:01:45.740,2015,194.126,65.0489,-16.7764,8.31288,1.7,-12345,-12345,83.128,13.9,15.649576,5.0781,0.03,0.004687,-38.0,7.5,0.0,anginc_corr,ass_5_15,Apr,comment,50,ACl,3.0,8,58.872,0.0588052,1,3.58302808,36,5835.918,-1436755985.0,4.75781,1.004,44.75367186969483,60.0108551350654,9.095822863594728,3.5467146426190594,2.564577018487721,0.8458380907768515,2.3127823609424496
38262,20150716132657720.SOFA.4-10.fb1,SOFA,64.9789,-16.8376,2015-07-16 13:26:57.720,2015,197.56,65.0149,-16.6701,8.85714,2.4,-12345,-12345,119.945,13.9,15.381694,5.28631,0.02625,0.002812,85.0,6.75,0.0,anginc_corr,ass_5_15,Apr,comment,50,ACl,4.0,10,34.945,0.0588052,1,3.27683926,52,2604.664,-1437052985.0,7.3576,1.004,42.94226576275898,77.55494319536645,9.6564575196189,3.645240648920999,2.649058992162077,0.7201077302227077,2.6633068083976523
38263,20140914234242860.SOFA.3-8.fb1,SOFA,64.9789,-16.8376,2014-09-14 23:42:42.860,2014,257.988,65.0364,-16.5811,13.6903,2.5,-12345,-12345,89.703,13.9,15.509719,3.51532,0.035,0.00125,47.0,4.25,0.0,anginc_corr,ass_5_15,Apr,comment,25,ACl,3.0,8,42.703,0.0588052,1,11.7486477,35,425351.2,-1410737985.0,5.96789,1.004,36.41106250929536,59.28192368307723,15.119033321382398,5.076921578320748,2.9779922908289627,0.6893859519720991,3.716039874774115
38264,20141007214154260.SOFA.4-10.fb1,SOFA,64.9789,-16.8376,2014-10-07 21:41:54.260,2014,280.904,65.0766,-16.8,11.0365,2.9,-12345,-12345,76.027,13.9,15.443001,3.05115,0.275,0.004375,-51.0,9.5,0.0,anginc_corr,ass_5_15,Apr,comment,25,ACl,4.0,10,52.973,0.0588052,1,2.4527936,43,35687.57,-1412717985.0,6.11359,1.004,36.692840572988544,63.38268676993421,12.344512071581384,4.230984532052823,2.917645285172427,6.492819120596138,3.5760318076551423
38265,20140915023955140.SOFA.1-8.fb1,SOFA,64.9789,-16.8376,2014-09-15 02:39:55.140,2014,258.111,65.0176,-16.598,12.0943,3.0,-12345,-12345,102.81,13.9,15.482561,6.71022,0.0425,0.001875,63.0,5.25,0.0,anginc_corr,ass_5_16,Apr,comment,25,ACl,1.0,8,39.81,0.0588052,1,6.13001204,43,2931888.0,-1410748985.0,7.50593,1.004,36.52510081500317,63.847829809718064,13.390179513687745,4.5273164234585375,2.957641627235463,0.938725278828656,3.659315778692018
38266,20140831161405540.SOFA.4-10.fb1,SOFA,64.9789,-16.8376,2014-08-31 16:14:05.540,2014,243.676,65.0283,-16.5768,13.4767,2.1,-12345,-12345,91.215,14.099999,15.562957,3.88105,0.0425,0.00125,59.0,5.0,0.0,anginc_corr,ass_5_15,Apr,comment,25,ACl,4.0,10,32.215,0.0588052,1,6.0891366,56,775322.2,-1409501985.0,6.07395,1.004,36.5544268859382,55.7899212621349,15.001808413582044,5.089490460010737,2.947605174123933,0.8350395675591926,3.644742117591736
38267,20140831015903200.SOFA.4-10.fb1,SOFA,64.9789,-16.8376,2014-08-31 01:59:03.200,2014,243.083,65.0328,-16.5874,13.24,2.4,-12345,-12345,88.887,13.9,15.413961,3.19359,0.0425,0.000625,47.0,5.0,0.0,anginc_corr,ass_5_15,Apr,comment,25,ACl,4.0,10,41.887,0.0588052,1,8.23425484,48,156198.7,-1409449985.0,5.9309,1.004,36.51788552964643,58.53555283249747,14.684730563867928,4.962711481773582,2.9590135589788256,0.8563709768168337,3.662902279168081
38268,20140907102522360.SOFA.4-10.fb1,SOFA,64.9789,-16.8376,2014-09-07 10:25:22.360,2014,250.434,65.0418,-16.5683,14.5031,1.9,-12345,-12345,4.956,13.9,15.513751,4.95071,0.1025,0.0025,38.0,8.5,0.0,anginc_corr,ass_5_15,Apr,comment,25,ACl,4.0,10,33.044,0.0588052,1,6.95277786,37,256888.8,-1410085985.0,6.46642,1.004,36.42771405418039,51.9294563380191,16.111325813926616,5.435628530020487,2.9640226010562003,1.885538886408256,3.7077519847121128
38269,20150712174350540.SOFA.2-6.fb1,SOFA,64.9789,-16.8376,2015-07-12 17:43:50.540,2015,193.739,65.1661,-16.95,21.5228,0.9,-12345,-12345,147.244,14.099999,15.81673,3.24477,0.37875,0.006563,-59.0,4.75,0.0,anginc_corr,ass_5_15,Apr,comment,50,ACl,2.0,6,26.244,0.0588052,1,5.2141118,46,1751.222,-1436722985.0,3.5473,1.004,34.03978464257336,37.18657718122719,24.13592879704365,7.774998053580514,3.1043003008764307,4.86849728529819,4.822530928482888
38270,20150808041944640.SOFA.1-8.fb1,SOFA,64.9789,-16.8376,2015-08-08 04:19:44.640,2015,220.18,65.022,-16.6871,8.57057,1.9,-12345,-12345,120.999,14.7,16.222734,3.14122,0.035,0.00375,82.0,9.5,0.0,anginc_corr,ass_5_15,Apr,comment,50,ACl,1.0,8,38.999,0.0588052,1,3.13576913,45,90697.08,-1439007985.0,1.9982,1.004,44.10970395071253,67.33601923662988,9.343103350873632,3.596776921882052,2.597632145055233,0.9730703975378674,2.422355151112712
38271,20150109222511580.SOFA.4-10.fb1,SOFA,64.9789,-16.8376,2015-01-09 22:25:11.580,2015,9.93403,65.022,-16.668,9.33061,2.0,-12345,-12345,103.303,13.9,15.289021,8.99914,0.0475,0.000625,56.0,2.25,0.0,anginc_corr,ass_5_15,Apr,comment,25,ACl,4.0,10,47.303,0.0588052,1,20.4332829,41,97640.38,-1420841985.0,7.32422,1.004,43.47125920464112,70.90898297020918,10.133887327666558,3.843646486663566,2.6365294942780144,1.2357584584009371,2.543333251266927
38272,20150722135451580.SOFA.4-10.fb1,SOFA,64.9789,-16.8376,2015-07-22 13:54:51.580,2015,203.58,65.0185,-16.6659,9.21969,2.3,-12345,-12345,125.274,13.9,15.418096,5.27029,0.03,0.002812,-83.0,5.0,0.0,anginc_corr,ass_5_15,Apr,comment,50,ACl,4.0,10,28.274,0.0588052,1,5.84389114,52,507.4966,-1437572985.0,7.00555,1.004,42.97282113921696,75.21037595415959,10.02640820705594,3.7758027003222576,2.655437532845719,0.7945205015687407,2.656292787902319
38273,20150110023227920.SOFA.4-10.fb1,SOFA,64.9789,-16.8376,2015-01-10 02:32:27.920,2015,10.1058,65.0194,-16.6638,9.35532,2.2,-12345,-12345,30.178,13.9,15.445004,4.2008,0.09,0.003125,-28.0,7.0,0.0,anginc_corr,ass_5_15,Apr,comment,25,ACl,4.0,10,58.178,0.0588052,1,3.56316209,40,9497.96,-1420856985.0,7.3576,1.004,43.10560730208227,73.54739254282994,10.16266545770819,3.8309888667071608,2.652752542829308,2.34893884386338,2.6258520709718045
38274,20140905024831460.SOFA.0.2-3.fb1,SOFA,64.9789,-16.8376,2014-09-05 02:48:31.460,2014,248.117,65.0319,-16.4983,17.0571,0.6,-12345,-12345,154.507,14.099999,16.239523,4.36707,0.1875,0.02625,41.0,9.5,0.0,anginc_corr,ass_5_15,Apr,comment,25,ACl,0.2,3,66.493,0.0588052,1,3.24595571,29,21149530.0,-1409884985.0,1.36719,1.004,36.138460830513694,38.25315118828385,19.27665285904441,6.607731715608575,2.917287457889628,2.8370139713516096,3.8519726650085735
38275,20140915043616080.SOFA.3-8.fb1,SOFA,64.9789,-16.8376,2014-09-15 04:36:16.080,2014,258.192,65.0597,-16.5577,15.9765,2.1,-12345,-12345,75.679,13.9,15.419841,4.00086,0.0575,0.001875,41.0,6.75,0.0,anginc_corr,ass_5_16,Apr,comment,25,ACl,3.0,8,34.679,0.0588052,1,8.32021618,33,69227.58,-1410755985.0,6.54151,1.004,36.04970231751933,54.797941752511285,17.579846080922174,5.823778788211176,3.0186321837134846,0.987307396977144,3.896616576952247
38276,20141002160035800.SOFA.4-10.fb1,SOFA,64.9789,-16.8376,2014-10-02 16:00:35.800,2014,275.667,65.0149,-16.6659,9.03619,2.0,-12345,-12345,103.971,14.7,15.437295,3.21193,0.0425,0.000625,57.0,6.5,0.0,anginc_corr,ass_5_15,Apr,comment,25,ACl,4.0,10,46.971,0.0588052,1,13.0254345,23,40219.64,-1412265985.0,8.91644,1.004,43.59981570812352,71.30431642947494,9.831267866801564,3.7436132909737743,2.626144075966856,1.1352302548971238,2.5146783257861367
38277,20141003120943940.SOFA.4-10.fb1,SOFA,64.9789,-16.8376,2014-10-03 12:09:43.940,2014,276.507,65.0203,-16.6447,10.1988,1.8,-12345,-12345,109.503,14.099999,15.384973,5.51193,0.0325,0.004375,82.0,7.75,0.0,anginc_corr,ass_5_15,Apr,comment,25,ACl,4.0,10,27.503,0.0588052,1,6.53606224,42,171204.3,-1412337985.0,8.63764,1.004,43.23309029494256,61.08886752363449,11.067256573577112,4.171150008157421,2.6532866360435694,0.7791497953462567,2.596938089507229
38278,20140905043544100.SOFA.4-10.fb1,SOFA,64.9789,-16.8376,2014-09-05 04:35:44.100,2014,248.191,65.0212,-16.6808,8.76709,2.0,-12345,-12345,99.121,13.9,15.494781,6.06129,0.02,0.001875,48.0,9.75,0.0,anginc_corr,ass_5_15,Apr,comment,25,ACl,4.0,10,51.121,0.0588052,1,7.6652441,35,146288.4,-1409891985.0,7.26859,1.004,43.66405260099705,71.50458374454078,9.559440552037294,3.6522139512715577,2.617437170872498,0.5476089388253058,2.500384278105188
38279,20150109222044680.SOFA.1-8.fb1,SOFA,64.9789,-16.8376,2015-01-09 22:20:44.680,2015,9.93094,65.0212,-16.668,9.27974,2.0,-12345,-12345,74.052,13.9,15.525806,9.76556,0.045,0.001875,39.0,7.0,0.0,anginc_corr,ass_5_15,Apr,comment,25,ACl,1.0,8,35.052,0.0588052,1,6.97194099,37,17924080.0,-1420841985.0,6.3101,1.004,43.49391211136356,70.97813076356752,10.086568035881058,3.828095302178773,2.634879029824637,1.1754787166722735,2.5382795419186053
38280,20150826113901860.SOFA.3-8.fb1,SOFA,64.9789,-16.8376,2015-08-26 11:39:01.860,2015,238.485,65.0149,-16.6532,9.57825,2.2,-12345,-12345,117.515,13.9,15.355949,4.55868,0.03375,0.002812,67.0,7.0,0.0,anginc_corr,ass_5_15,Apr,comment,50,ACl,3.0,8,50.515,0.0588052,1,4.87149811,59,19416.95,-1440588985.0,6.11359,1.004,42.97164532454732,73.06896127437771,10.394210344752803,3.905502354728807,2.6614272379499213,0.8641492658540528,2.656562633020898
38281,20140903213613400.SOFA.4-10.fb1,SOFA,64.9789,-16.8376,2014-09-03 21:36:13.400,2014,246.9,65.0158,-16.6468,9.89274,2.0,-12345,-12345,55.256,13.9,15.490336,7.69738,0.0775,0.003125,-7.0,9.0,0.0,anginc_corr,ass_5_15,Apr,comment,25,ACl,4.0,10,62.256,0.0588052,1,3.13838577,46,418588.4,-1409779985.0,7.02055,1.004,43.14838217160792,69.94566652271737,10.724527751205228,4.035273339065296,2.657695489269975,1.920386754771641,2.616116582975791
38282,20140831062348140.SOFA.3-8.fb1,SOFA,64.9789,-16.8376,2014-08-31 06:23:48.140,2014,243.266,65.0283,-16.5747,13.568,2.0,-12345,-12345,15.961,13.9,15.340479,3.29132,0.13,0.00375,-36.0,7.0,0.0,anginc_corr,ass_5_16,Apr,comment,25,ACl,3.0,8,51.961,0.0588052,1,3.93797326,42,195403.4,-1409465985.0,4.91898,1.004,36.5627933061707,54.90876524558964,15.12177847098739,5.136680096276875,2.943881687697046,2.5304124036594544,3.6405854186623055
38283,20150721081918980.SOFA.4-10.fb1,SOFA,64.9789,-16.8376,2015-07-21 08:19:18.980,2015,202.347,65.0203,-16.6744,8.97053,2.1,-12345,-12345,109.905,13.9,15.338674,5.93362,0.02625,0.000937,66.0,4.75,0.0,anginc_corr,ass_5_16,Apr,comment,50,ACl,4.0,10,43.905,0.0588052,1,6.16565895,60,1359.624,-1437466985.0,7.4369,1.004,43.49526466367112,72.88364620415355,9.76136577453086,3.710922830930145,2.630441596136389,0.7073623687062991,2.537977856656084
38284,20150826112435500.SOFA.3-8.fb1,SOFA,64.9789,-16.8376,2015-08-26 11:24:35.500,2015,238.475,65.0203,-16.6744,8.97053,2.3,-12345,-12345,130.421,13.9,15.392454,3.46106,0.02625,0.001875,-84.0,7.0,0.0,anginc_corr,ass_5_15,Apr,comment,50,ACl,3.0,8,34.421,0.0588052,1,7.34398746,56,20731.17,-1440587985.0,5.68061,1.004,43.1148872236022,75.79874403289007,9.766508238847786,3.6917686592497407,2.645482190325702,0.7110323166045873,2.623727148668072
38285,20140831002310100.SOFA.2-6.fb1,SOFA,64.9789,-16.8376,2014-08-31 00:23:10.100,2014,243.016,65.0391,-16.5895,13.484,2.1,-12345,-12345,101.764,13.9,15.342007,3.10434,0.03,0.00125,58.0,4.5,0.0,anginc_corr,ass_5_16,Apr,comment,25,ACl,2.0,6,43.764,0.0588052,1,11.9903641,27,256121.0,-1409444985.0,4.875,1.004,36.55263656084623,55.78636962598661,15.013670132131937,5.092927650708651,2.9479449074920336,0.589047043769142,3.645631665485413
38286,20140914234324980.SOFA.4-10.fb1,SOFA,64.9789,-16.8376,2014-09-14 23:43:24.980,2014,257.988,65.0382,-16.5811,13.7847,2.4,-12345,-12345,98.602,13.9,15.437295,3.94347,0.035,0.0,55.0,3.5,0.0,anginc_corr,ass_5_15,Apr,comment,25,ACl,4.0,10,43.602,0.0588052,1,14.1465654,47,318067.7,-1410737985.0,9.56632,1.004,36.42413946457492,58.329141417416935,15.239515209697172,5.1227542553133,2.9748675127038955,0.6832182419259425,3.7095309974970494
38287,20140907033943560.SOFA.3-8.fb1,SOFA,64.9789,-16.8376,2014-09-07 03:39:43.560,2014,250.153,65.0642,-16.496,18.6951,3.0,-12345,-12345,102.751,14.099999,15.490336,3.69046,0.035,0.003125,51.0,9.0,0.0,anginc_corr,ass_5_15,Apr,comment,25,ACl,3.0,8,51.751,0.0588052,1,5.13065386,28,599916.3,-1410060985.0,7.56173,1.004,34.22441204345753,58.02186832808957,20.429110449101795,6.428086850001441,3.1781011871513862,0.5444814516977203,4.728301878023768
38288,20150112190807760.SOFA.4-10.fb1,SOFA,64.9789,-16.8376,2015-01-12 19:08:07.760,2015,12.7972,65.0194,-16.6659,9.26771,2.2,-12345,-12345,110.955,13.9,15.47666,7.72801,0.025,0.001875,73.0,6.5,0.0,anginc_corr,ass_5_15,Apr,comment,25,ACl,4.0,10,37.955,0.0588052,1,6.91487646,59,18819.01,-1421089985.0,7.29668,1.004,43.155327765518415,73.72816867490465,10.071582427001454,3.80163694301024,2.649275188026372,0.6576043451161695,2.614543051865754
38289,20150818084016000.SOFA.3-8.fb1,SOFA,64.9789,-16.8376,2015-08-18 08:40:16.000,2015,230.361,65.022,-16.6702,9.24489,2.1,-12345,-12345,42.646,14.099999,15.592771,3.9502,0.02625,0.005625,22.0,6.25,0.0,anginc_corr,ass_5_16,Apr,comment,50,ACl,3.0,8,20.646,0.0588052,1,3.03682899,55,3006.214,-1439886985.0,5.3591,1.004,43.3602428737642,72.42692985768366,10.039587666840774,3.802066700138778,2.6405606367911227,0.6904057519761864,2.568199901015488
38290,20140903015719580.SOFA.4-10.fb1,SOFA,64.9789,-16.8376,2014-09-03 01:57:19.580,2014,246.081,65.048,-16.4812,18.4834,0.4,-12345,-12345,20.036,13.9,15.381694,5.33207,0.09,0.003125,-25.0,6.25,0.0,anginc_corr,ass_5_15,Apr,comment,25,ACl,4.0,10,45.036,0.0588052,1,4.64667082,30,328475.7,-1409708985.0,7.41699,1.004,35.50154759684486,36.81643887121375,20.951161756065275,7.09885109508961,2.9513454325809896,1.2677598467803364,4.144733433157495
38291,20150826112548200.SOFA.4-10.fb1,SOFA,64.9789,-16.8376,2015-08-26 11:25:48.200,2015,238.476,65.0113,-16.6532,9.41879,2.4,-12345,-12345,114.512,13.9,15.275647,6.88279,0.03,0.004687,-6.0,6.0,0.0,anginc_corr,ass_5_15,Apr,comment,50,ACl,4.0,10,59.488,0.0588052,1,3.19828033,47,8632.557,-1440587985.0,7.00555,1.004,36.845424328826816,59.264478888732256,10.834422449859492,3.829484464876809,2.829211751406864,0.7833832467042612,3.500430517248895
38292,20150715204920240.SOFA.3-8.fb1,SOFA,64.9789,-16.8376,2015-07-15 20:49:20.240,2015,196.868,65.0203,-16.6765,8.88476,2.3,-12345,-12345,124.815,13.9,15.374815,8.29314,0.0225,0.000937,84.0,4.0,0.0,anginc_corr,ass_5_15,Apr,comment,50,ACl,3.0,8,40.815,0.0588052,1,14.9776535,58,2422.832,-1436992985.0,5.15625,1.004,43.16141929750373,75.99640897103023,9.67785360274816,3.663035429182108,2.642031121415896,0.614238879467166,2.6131631565231634
38293,20150105081704680.SOFA.4-10.fb1,SOFA,64.9789,-16.8376,2015-01-05 08:17:04.680,2015,5.34507,65.0158,-16.6532,9.62035,2.2,-12345,-12345,99.745,13.9,15.424214,4.30952,0.0425,0.001875,49.0,6.0,0.0,anginc_corr,ass_5_15,Apr,comment,25,ACl,4.0,10,50.745,0.0588052,1,6.6868186,46,11192.35,-1420445985.0,9.25164,1.004,42.94447222882952,72.97338373608169,10.438877174263002,3.919830549440597,2.663093989038058,1.0841986792371472,2.662800195004624
38294,20150819124723120.SOFA.1-8.fb1,SOFA,64.9789,-16.8376,2015-08-19 12:47:23.120,2015,231.533,65.0212,-16.6787,8.85177,2.0,-12345,-12345,111.731,14.7,15.525806,3.63387,0.03,0.001875,63.0,7.5,0.0,anginc_corr,ass_5_15,Apr,comment,50,ACl,1.0,8,48.731,0.0588052,1,5.04575253,44,213592.5,-1439987985.0,6.3101,1.004,43.6522182828752,71.46754790174816,9.643930060778676,3.6808390788768057,2.6200357728546737,0.8150180207934454,2.5030154601692605
38295,20140909182737960.SOFA.4-10.fb1,SOFA,64.9789,-16.8376,2014-09-09 18:27:37.960,2014,252.769,65.0301,-16.5853,13.1973,0.8,-12345,-12345,94.288,14.3,15.466269,3.98447,0.04,0.01625,55.0,9.5,0.0,anginc_corr,ass_5_15,Apr,comment,25,ACl,4.0,10,39.288,0.0588052,1,3.82897639,32,178725.1,-1410286985.0,7.84073,1.004,36.750379190695256,39.798157864428255,15.231655571725728,5.397165677029857,2.8221582369707687,0.741119564145265,3.547505249082307
38296,20150720110652020.SOFA.4-10.fb1,SOFA,64.9789,-16.8376,2015-07-20 11:06:52.020,2015,201.463,65.022,-16.685,8.65371,2.2,-12345,-12345,52.466,13.9,15.38184,7.11444,0.02625,0.002812,23.0,8.0,0.0,anginc_corr,ass_5_16,Apr,comment,50,ACl,4.0,10,29.466,0.0588052,1,5.46738291,41,1246.691,-1437389985.0,7.76543,1.004,43.48254644667462,74.96656694648709,9.428529797276877,3.5915138808885416,2.6252243789029306,0.7308797991981919,2.5408149075076176
38297,20140905021123600.SOFA.4-10.fb1,SOFA,64.9789,-16.8376,2014-09-05 02:11:23.600,2014,248.091,65.0427,-16.4982,17.5076,1.4,-12345,-12345,62.796,14.099999,15.374378,4.38377,0.1125,0.004375,88.0,5.25,0.0,anginc_corr,ass_5_16,Apr,comment,25,ACl,4.0,10,25.204,0.0588052,1,8.38894558,35,75697.8,-1409882985.0,6.43939,1.004,35.60382156696065,40.94320427709013,19.480818409316537,6.459236405650338,3.0159630621779576,1.7415598769929377,4.10171664590936
38298,20150109161733340.SOFA.3-8.fb1,SOFA,64.9789,-16.8376,2015-01-09 16:17:33.340,2015,9.67871,64.9582,-16.8309,2.33337,3.2,-12345,-12345,160.818,13.9,15.335413,6.9681,0.035,0.0025,11.0,6.25,0.0,anginc_corr,ass_5_15,Apr,comment,25,ACl,3.0,8,30.182,0.0588052,1,11.1109753,37,53280.86,-1420819985.0,5.07061,1.004,27.654335872792803,133.1478436861563,3.9770243924000055,1.609374984000274,2.47116081207792,2.1745002223283905,3.2
38299,20141101005829580.SOFA.4-10.fb1,SOFA,64.9789,-16.8376,2014-11-01 00:58:29.580,2014,305.041,65.0588,-16.4961,18.3979,2.9,-12345,-12345,97.755,13.9,15.38759,4.20424,0.0375,0.00125,54.0,5.5,0.0,anginc_corr,ass_5_16,Apr,comment,25,ACl,4.0,10,43.755,0.0588052,1,9.59932709,32,80552.64,-1414802985.0,8.55864,1.004,34.392678058681305,57.68777529127468,20.11606584271204,6.361300436435323,3.162256844134289,0.5894969839459918,4.643384308190668
38300,20140901211010760.SOFA.4-10.fb1,SOFA,64.9789,-16.8376,2014-09-01 21:10:10.760,2014,244.882,65.0498,-16.4961,17.9362,3.3,-12345,-12345,102.708,14.3,15.509719,3.01116,0.0425,0.001875,55.0,8.5,0.0,anginc_corr,ass_5_15,Apr,comment,25,ACl,4.0,10,47.708,0.0588052,1,4.79760122,34,677297.3,-1409605985.0,6.00386,1.004,34.30148236352741,64.66566140408904,19.57150400449479,6.168367154450917,3.1728824686404336,0.6889910175232217,4.689276552710817
38301,20150811190603100.SOFA.2-6.fb1,SOFA,64.9789,-16.8376,2015-08-11 19:06:03.100,2015,223.796,65.022,-16.668,9.33061,2.0,-12345,-12345,10.461,14.099999,15.705423,6.32185,0.09,0.004687,-14.0,5.25,0.0,anginc_corr,ass_5_15,Apr,comment,50,ACl,2.0,6,24.461,0.0588052,1,3.98626423,74,46213.34,-1439319985.0,4.19695,1.004,43.47125920464112,70.90898297020918,10.133887327666558,3.843646486663566,2.6365294942780144,2.341205610710517,2.543333251266927
38302,20150106171533020.SOFA.4-10.fb1,SOFA,64.9789,-16.8376,2015-01-06 17:15:33.020,2015,6.719,65.0194,-16.6638,9.35532,2.2,-12345,-12345,22.742,13.9,15.492487,7.99558,0.0975,0.00125,-26.0,5.75,0.0,anginc_corr,ass_5_15,Apr,comment,25,ACl,4.0,10,48.742,0.0588052,1,4.68290138,46,50138.96,-1420563985.0,7.29668,1.004,43.10560730208227,73.54739254282994,10.16266545770819,3.8309888667071608,2.652752542829308,2.5446228199200505,2.6258520709718045
38303,20150825060515720.SOFA.3-8.fb1,SOFA,64.9789,-16.8376,2015-08-25 06:05:15.720,2015,237.254,65.0194,-16.6702,9.09321,2.2,-12345,-12345,121.471,14.5,15.577972,3.20141,0.0225,0.000937,78.0,5.25,0.0,anginc_corr,ass_5_15,Apr,comment,50,ACl,3.0,8,43.471,0.0588052,1,8.36972237,34,2353.05,-1440482985.0,4.19695,1.004,43.25808658598191,74.1076423538163,9.887095588983405,3.7417173897682288,2.64239507131666,0.6013227152777745,2.5912838480192475
38304,20140905005923960.SOFA.4-10.fb1,SOFA,64.9789,-16.8376,2014-09-05 00:59:23.960,2014,248.041,65.031,-16.4983,17.0229,0.9,-12345,-12345,22.697,13.9,15.398053,3.24939,0.11,0.003125,67.0,6.25,0.0,anginc_corr,ass_5_15,Apr,comment,25,ACl,4.0,10,44.303,0.0588052,1,3.22808051,43,71976.82,-1409878985.0,9.66698,1.004,36.08686262835393,39.49325470170599,19.1086734449304,6.488538459862584,2.944988854290476,1.6951752421263675,3.877755444468157
38305,20150828111833420.SOFA.2-6.fb1,SOFA,64.9789,-16.8376,2015-08-28 11:18:33.420,2015,240.471,65.0212,-16.6765,8.93673,2.3,-12345,-12345,132.266,13.9,15.633571,3.75095,0.02625,0.00375,-78.0,8.0,0.0,anginc_corr,ass_5_15,Apr,comment,50,ACl,2.0,6,30.266,0.0588052,1,6.40524006,44,23875.49,-1440760985.0,4.10156,1.004,43.13151964608602,75.86910353073013,9.732541982085452,3.680827656208829,2.644117815640887,0.713145756827771,2.619937548659064
38306,20140905011231920.SOFA.4-10.fb1,SOFA,64.9789,-16.8376,2014-09-05 01:12:31.920,2014,248.05,65.0275,-16.5811,13.2532,2.7,-12345,-12345,95.393,14.099999,15.376452,3.70991,0.04,0.00125,54.0,5.5,0.0,anginc_corr,ass_5_15,Apr,comment,25,ACl,4.0,10,41.393,0.0588052,1,6.84657478,44,288878.8,-1409879985.0,7.88872,1.004,36.42668098476887,60.95303573492226,14.63060361876061,4.915046684805203,2.976696775636112,0.8138139934743549,3.708266117469452
38307,20140914235220880.SOFA.4-10.fb1,SOFA,64.9789,-16.8376,2014-09-14 23:52:20.880,2014,257.995,65.04,-16.5811,13.8814,2.2,-12345,-12345,102.595,14.099999,15.437295,3.32866,0.1775,0.001875,74.0,5.5,0.0,anginc_corr,ass_5_15,Apr,comment,25,ACl,4.0,10,28.595,0.0588052,1,3.83795595,44,85721.97,-1410738985.0,9.375,1.004,36.46309735343666,56.52109304682536,15.388828117220797,5.189172094855482,2.9655651876485654,3.419584214989868,3.6901467344756593
38308,20140901103652180.SOFA.4-10.fb1,SOFA,64.9789,-16.8376,2014-09-01 10:36:52.180,2014,244.442,65.0176,-16.6532,9.70699,2.1,-12345,-12345,52.393,13.9,15.438545,6.36519,0.1175,0.003125,85.0,6.0,0.0,anginc_corr,ass_5_16,Apr,comment,25,ACl,4.0,10,32.607,0.0588052,1,4.30874157,39,207309.3,-1409567985.0,7.90895,1.004,43.08731556607991,71.53422760384804,10.528444622892623,3.960263109268163,2.658521500314717,2.966321921122983,2.6300414675236903
38309,20150728094602200.SOFA.3-8.fb1,SOFA,64.9789,-16.8376,2015-07-28 09:46:02.200,2015,209.407,65.0149,-16.685,8.23807,2.2,-12345,-12345,21.38,13.9,15.434444,6.3908,0.13,0.00125,65.0,3.25,0.0,anginc_corr,ass_5_15,Apr,comment,50,ACl,3.0,8,43.62,0.0588052,1,9.04490471,50,1305.496,-1438076985.0,2.92969,1.004,43.637365935413,75.58609096970498,9.004992216800602,3.450392744856087,2.6098455690951186,3.766350878380109,2.506320008207221
38310,20150816004447260.SOFA.4-10.fb1,SOFA,64.9789,-16.8376,2015-08-16 00:44:47.260,2015,228.031,65.0229,-16.6723,9.21215,2.1,-12345,-12345,113.175,13.9,15.437569,5.59843,0.0225,0.001875,69.0,4.5,0.0,anginc_corr,ass_5_16,Apr,comment,50,ACl,4.0,10,44.175,0.0588052,1,8.52201939,46,498.5099,-1439685985.0,6.44531,1.004,43.37650731241409,72.48138700843845,10.006771433992771,3.791373704921394,2.639352438669783,0.5934472212459241,2.5645282567887966
38311,20140903231008660.SOFA.4-10.fb1,SOFA,64.9789,-16.8376,2014-09-03 23:10:08.660,2014,246.965,65.0176,-16.6447,10.0674,2.1,-12345,-12345,41.374,13.9,15.418096,4.55966,0.115,0.004375,78.0,8.0,0.0,anginc_corr,ass_5_15,Apr,comment,25,ACl,4.0,10,36.626,0.0588052,1,3.26464701,43,92031.83,-1409785985.0,7.00555,1.004,36.8433446793902,56.36629412014496,11.569872676886398,4.079504730240007,2.83609737993997,2.8184098372264543,3.5014599176884
38312,20150804070403940.SOFA.1-8.fb1,SOFA,64.9789,-16.8376,2015-08-04 07:04:03.940,2015,216.294,65.0212,-16.685,8.59875,1.8,-12345,-12345,75.172,14.3,15.445004,3.15381,0.06,0.005625,43.0,5.25,0.0,anginc_corr,ass_5_15,Apr,comment,50,ACl,1.0,8,32.172,0.0588052,1,3.89123702,48,2130016.0,-1438671985.0,7.3576,1.004,44.29395101515851,63.18392883525998,9.384319122553524,3.624563302022868,2.5890895924803234,1.655258445775587,2.3906328106824057
38313,20140905002415440.SOFA.4-10.fb1,SOFA,64.9789,-16.8376,2014-09-05 00:24:15.440,2014,248.017,65.0382,-16.4983,17.3112,1.1,-12345,-12345,44.824,13.9,15.459665,3.81239,0.1075,0.00375,72.0,5.25,0.0,anginc_corr,ass_5_15,Apr,comment,25,ACl,4.0,10,27.176,0.0588052,1,4.14849806,45,86113.41,-1409876985.0,8.20772,1.004,35.97993082757285,40.20216908801543,19.33268820216687,6.5026671223965815,2.973039806325153,1.6530548794804645,3.9323302100753983
38314,20140911212315580.SOFA.4-10.fb1,SOFA,64.9789,-16.8376,2014-09-11 21:23:15.580,2014,254.891,65.0158,-16.6511,9.71098,2.1,-12345,-12345,27.859,13.9,15.386223,4.41194,0.1125,0.0025,71.0,5.5,0.0,anginc_corr,ass_5_16,Apr,comment,25,ACl,4.0,10,43.141,0.0588052,1,3.47275805,45,133085.5,-1410470985.0,8.60253,1.004,43.08595963031177,71.52988695113983,10.530792177172907,3.9610168179871343,2.65860829707972,2.839607276156641,2.6303520702948475
38315,20150110035504580.SOFA.4-10.fb1,SOFA,64.9789,-16.8376,2015-01-10 03:55:04.580,2015,10.1631,65.0185,-16.668,9.13187,2.1,-12345,-12345,115.697,13.9,15.384973,6.29419,0.035,0.00125,65.0,4.75,0.0,anginc_corr,ass_5_15,Apr,comment,25,ACl,4.0,10,50.697,0.0588052,1,8.10993767,43,15741.66,-1420861985.0,9.25164,1.004,43.414182249174495,72.60810928717889,9.928871196025554,3.765996499683962,2.6364525821675016,0.9293488263949712,2.556075130482553
38316,20140904073312060.SOFA.4-10.fb1,SOFA,64.9789,-16.8376,2014-09-04 07:33:12.060,2014,247.315,65.0319,-16.5216,16.0292,1.9,-12345,-12345,97.607,14.099999,15.437295,3.56263,0.0425,0.01625,58.0,8.25,0.0,anginc_corr,ass_5_15,Apr,comment,25,ACl,4.0,10,39.607,0.0588052,1,4.80770302,41,578745.4,-1409815985.0,8.46803,1.004,36.09907456509658,51.36329832907703,17.684129202817505,5.882533076666956,3.006209905212694,0.7224684479126608,3.871651809033232
38317,20150806091434620.SOFA.2-6.fb1,SOFA,64.9789,-16.8376,2015-08-06 09:14:34.620,2015,218.385,65.0212,-16.6702,9.19355,2.1,-12345,-12345,65.92,13.9,15.590978,4.42991,0.0375,0.009375,38.0,8.25,0.0,anginc_corr,ass_5_16,Apr,comment,50,ACl,2.0,6,27.92,0.0588052,1,2.52238154,54,29880.74,-1438851985.0,5.42161,1.004,43.383823074150406,72.5059306521342,9.99147715234235,3.7863961985528976,2.6387827972574387,0.9903633564817936,2.562877068372834
38318,20150716094740060.SOFA.3-8.fb1,SOFA,64.9789,-16.8376,2015-07-16 09:47:40.060,2015,197.408,65.0068,-16.6744,8.30415,2.4,-12345,-12345,7.198,14.099999,15.757893,5.98758,0.10125,0.005625,67.0,8.75,0.0,anginc_corr,ass_5_15,Apr,comment,50,ACl,3.0,8,59.802,0.0588052,1,5.80051279,31,498.2559,-1437039985.0,3.50477,1.004,43.23215853051999,79.05188032941923,9.076130144663534,3.456041624734936,2.6261634349845644,2.9290238643000066,2.5971489024697565
38319,20150808073618600.SOFA.4-10.fb1,SOFA,64.9789,-16.8376,2015-08-08 07:36:18.600,2015,220.317,65.0669,-16.5428,17.0073,3.0,-12345,-12345,126.71,13.9,15.435668,3.73473,0.01875,0.002812,82.0,8.5,0.0,anginc_corr,ass_5_16,Apr,comment,50,ACl,4.0,10,44.71,0.0588052,1,4.3745122,49,659.1658,-1439018985.0,6.54151,1.004,34.75892730746628,59.29937654593388,18.62129919845748,5.953703862850159,3.1276831410192254,0.314929226260574,4.465468686900344
38320,20140908005414780.SOFA.4-10.fb1,SOFA,64.9789,-16.8376,2014-09-08 00:54:14.780,2014,251.038,65.0436,-16.5407,15.7451,2.7,-12345,-12345,98.616,13.9,15.445276,3.71385,0.035,0.000625,54.0,5.25,0.0,anginc_corr,ass_5_15,Apr,comment,25,ACl,4.0,10,44.616,0.0588052,1,9.52574158,30,187034.4,-1410137985.0,8.36028,1.004,35.87454806259697,59.62858978614373,17.213291168821446,5.64430045042692,3.0496766286634296,0.6200885984242177,3.9863457223911576
38321,20150106022412860.SOFA.4-10.fb1,SOFA,64.9789,-16.8376,2015-01-06 02:24:12.860,2015,6.10002,65.0185,-16.6659,9.21969,2.2,-12345,-12345,110.005,13.9,15.345731,10.0784,0.04,0.000625,59.0,4.0,0.0,anginc_corr,ass_5_15,Apr,comment,25,ACl,4.0,10,51.005,0.0588052,1,16.5686417,42,112026.4,-1420510985.0,9.03058,1.004,43.184192085247325,73.83394882238616,10.020936684842322,3.7852186428626737,2.647386486838107,1.056712626993317,2.6080057280762112
38322,20140912231251580.SOFA.4-10.fb1,SOFA,64.9789,-16.8376,2014-09-12 23:12:51.580,2014,255.967,65.0373,-16.5704,14.1799,2.9,-12345,-12345,107.105,14.3,15.280328,3.92754,0.04,0.000625,58.0,5.0,0.0,anginc_corr,ass_5_15,Apr,comment,25,ACl,4.0,10,49.105,0.0588052,1,18.5941334,25,31225.75,-1410563985.0,8.96739,1.004,36.160295222677696,61.98557065468959,15.543250312463304,5.155278747101605,3.0150164666075554,0.7758920507285438,3.841067478233143
38323,20140831110024900.SOFA.1-8.fb1,SOFA,64.9789,-16.8376,2014-08-31 11:00:24.900,2014,243.458,65.04,-16.5619,14.6731,2.4,-12345,-12345,103.004,14.099999,15.490336,3.57767,0.04,0.000625,55.0,7.0,0.0,anginc_corr,ass_5_15,Apr,comment,25,ACl,1.0,8,48.004,0.0588052,1,6.70745945,38,2201289.0,-1409482985.0,7.56173,1.004,36.24476433858551,57.93682633234226,16.15600203620008,5.384854831488786,3.0002669601648897,0.7428138636839776,3.7989079922325857
38324,20140915143558240.SOFA.4-10.fb1,SOFA,64.9789,-16.8376,2014-09-15 14:35:58.240,2014,258.608,65.031,-16.5959,12.7928,2.8,-12345,-12345,96.794,13.9,15.424214,3.62132,0.045,0.000625,51.0,4.25,0.0,anginc_corr,ass_5_15,Apr,comment,25,ACl,4.0,10,45.794,0.0588052,1,9.20232105,51,144681.5,-1410791985.0,8.83413,1.004,36.4753349321339,61.926271080008405,14.13862809019006,4.7630053255308535,2.968425841223316,0.9447605614610666,3.684059696090648
38325,20140912231404260.SOFA.4-10.fb1,SOFA,64.9789,-16.8376,2014-09-12 23:14:04.260,2014,255.968,65.0373,-16.5683,14.2689,2.9,-12345,-12345,106.412,13.9,15.384973,4.50566,0.04,0.00125,58.0,6.25,0.0,anginc_corr,ass_5_15,Apr,comment,25,ACl,4.0,10,48.412,0.0588052,1,8.36507225,22,159137.2,-1410563985.0,8.96739,1.004,36.13998766610869,61.93338028763248,15.633980947990777,5.181010374908819,3.017554456888329,0.772038677052933,3.851209988279856
38326,20150805131620440.SOFA.1-8.fb1,SOFA,64.9789,-16.8376,2015-08-05 13:16:20.440,2015,217.553,65.0194,-16.6702,9.09321,2.1,-12345,-12345,129.122,13.9,15.397522,6.19553,0.02625,0.002812,-89.0,6.0,0.0,anginc_corr,ass_5_15,Apr,comment,50,ACl,1.0,8,38.122,0.0588052,1,2.93164396,60,3196862.0,-1438780985.0,7.29668,1.004,43.43577449849221,72.68110550235497,9.885945918039225,3.751915530080478,2.634906313529711,0.6996340552746005,2.551253455718798
38327,20140911145011460.SOFA.1-8.fb1,SOFA,64.9789,-16.8376,2014-09-11 14:50:11.460,2014,254.618,65.022,-16.668,9.33061,2.1,-12345,-12345,53.564,13.9,15.868109,3.04605,0.16,0.01125,-60.0,9.5,0.0,anginc_corr,ass_5_15,Apr,comment,25,ACl,1.0,8,66.436,0.0588052,1,2.1994071,57,2767406.0,-1410446985.0,2.38637,1.004,43.31198319086345,72.26621336238088,10.13231059777348,3.832264257179826,2.643948829674359,4.173259589757095,2.579100160402088
38328,20140928202124120.SOFA.4-10.fb1,SOFA,64.9789,-16.8376,2014-09-28 20:21:24.120,2014,271.848,65.0203,-16.6808,8.71404,2.0,-12345,-12345,100.057,13.9,15.424214,3.68511,0.0325,0.001875,50.0,7.25,0.0,anginc_corr,ass_5_15,Apr,comment,25,ACl,4.0,10,50.057,0.0588052,1,5.91603088,44,23421.3,-1411935985.0,9.76562,1.004,43.67961004697327,71.5533692411915,9.504740206280538,3.633894071209875,2.61557987658017,0.8943395016643763,2.497564617640151
38329,20150818031832820.SOFA.4-10.fb1,SOFA,64.9789,-16.8376,2015-08-18 03:18:32.820,2015,230.138,65.0185,-16.6808,8.61041,2.6,-12345,-12345,103.832,13.9,15.453783,5.60135,0.02625,0.001875,55.0,8.5,0.0,anginc_corr,ass_5_16,Apr,comment,50,ACl,4.0,10,48.832,0.0588052,1,6.50130033,41,1260.278,-1439867985.0,7.76543,1.004,42.51768272952481,80.71389509653036,9.427212688191624,3.5489300004476974,2.6563535169762105,0.7396494429201539,2.7620845304404265
38330,20150712181708020.SOFA.4-10.fb1,SOFA,64.9789,-16.8376,2015-07-12 18:17:08.020,2015,193.762,65.0212,-16.6765,8.93673,2.2,-12345,-12345,113.549,14.3,15.437295,5.23446,0.02625,0.001875,66.0,7.75,0.0,anginc_corr,ass_5_15,Apr,comment,50,ACl,4.0,10,47.549,0.0588052,1,6.08821821,43,4811.417,-1436724985.0,9.56632,1.004,43.34072069162727,74.41884585116006,9.72820074741116,3.689872446825215,2.6364599014205363,0.711397704361616,2.572608270115872
38331,20150713011502940.SOFA.4-10.fb1,SOFA,64.9789,-16.8376,2015-07-13 01:15:02.940,2015,194.052,65.0068,-16.6722,8.39705,2.2,-12345,-12345,59.288,13.9,15.398053,5.5224,0.0225,0.002812,33.0,6.75,0.0,anginc_corr,ass_5_15,Apr,comment,50,ACl,4.0,10,26.288,0.0588052,1,6.05694199,44,961.3622,-1436749985.0,9.76562,1.004,43.58844319849208,75.38771949922382,9.166151025435466,3.5043938045406104,2.6156167190910367,0.6420445127048424,2.517210766139618
38332,20150721201328720.SOFA.4-10.fb1,SOFA,64.9789,-16.8376,2015-07-21 20:13:28.720,2015,202.843,65.0212,-16.6744,9.02211,2.3,-12345,-12345,114.461,14.099999,15.492487,6.25672,0.02625,0.001875,77.0,7.75,0.0,anginc_corr,ass_5_15,Apr,comment,50,ACl,4.0,10,37.461,0.0588052,1,3.57107544,56,5742.693,-1437509985.0,7.29668,1.004,43.08679773329487,75.6806440487767,9.82093558975639,3.709378583734836,2.6475959161515545,0.7076568425588903,2.630160086120166
38333,20140905015232760.SOFA.4-10.fb1,SOFA,64.9789,-16.8376,2014-09-05 01:52:32.760,2014,248.078,65.0418,-16.4961,17.559,1.2,-12345,-12345,20.473,13.9,15.446255,4.87549,0.11,0.0025,66.0,5.75,0.0,anginc_corr,ass_5_15,Apr,comment,25,ACl,4.0,10,45.527,0.0588052,1,4.7633543,39,83898.66,-1409881985.0,6.82218,1.004,35.89256402552801,40.49573089405485,19.556430279450552,6.54147446613683,2.989605842029665,1.6814592104651638,3.9770948153291696
38334,20150803200735140.SOFA.2-6.fb1,SOFA,64.9789,-16.8376,2015-08-03 20:07:35.140,2015,215.839,65.0212,-16.6702,9.19355,1.9,-12345,-12345,151.323,13.9,15.325484,3.67953,0.0225,0.00375,4.0,7.5,0.0,anginc_corr,ass_5_15,Apr,comment,50,ACl,2.0,6,32.677,0.0588052,1,2.60552406,61,11441.17,-1438631985.0,4.74878,1.004,43.632185706028274,66.17947634232351,10.004783522306182,3.811126677299464,2.6251511349382644,0.5903714531768856,2.507472766781577
38335,20140927195432640.SOFA.4-10.fb1,SOFA,64.9789,-16.8376,2014-09-27 19:54:32.640,2014,270.829,65.0212,-16.668,9.27974,2.1,-12345,-12345,98.57,14.5,15.428897,3.65911,0.0475,0.000625,53.0,1.75,0.0,anginc_corr,ass_5_15,Apr,comment,25,ACl,4.0,10,45.57,0.0588052,1,16.65625,31,131154.8,-1411847985.0,6.11437,1.004,43.33712478476984,72.34978014072176,10.084677256457432,3.816758133596492,2.6422101960531474,1.2444634757770243,2.573420428476841
38336,20140902203741980.SOFA.4-10.fb1,SOFA,64.9789,-16.8376,2014-09-02 20:37:41.980,2014,245.859,65.0265,-16.4983,16.8595,1.5,-12345,-12345,41.846,13.9,15.429176,3.82178,0.12,0.001875,79.0,6.0,0.0,anginc_corr,ass_5_15,Apr,comment,25,ACl,4.0,10,37.154,0.0588052,1,4.45134068,49,79363.58,-1409689985.0,7.3576,1.004,36.005499476229424,41.83491280137774,18.69381261821772,6.236313277357349,2.9975743338761944,1.924035707048688,3.919238825956516
38337,20140830232832000.SOFA.4-10.fb1,SOFA,64.9789,-16.8376,2014-08-30 23:28:32.000,2014,242.978,65.0319,-16.5853,13.2847,2.5,-12345,-12345,84.259,14.3,15.437295,3.43317,0.04,0.000625,47.0,6.0,0.0,anginc_corr,ass_5_15,Apr,comment,25,ACl,4.0,10,37.259,0.0588052,1,10.7628098,36,60180.88,-1409440985.0,9.33838,1.004,36.48298465893831,59.4463583351427,14.705354095530002,4.957724901785861,2.966149672853544,0.8068085634505451,3.6802551684018905
38338,20140929054930860.SOFA.1-8.fb1,SOFA,64.9789,-16.8376,2014-09-29 05:49:30.860,2014,272.243,65.022,-16.668,9.33061,2.1,-12345,-12345,26.658,14.099999,15.913265,3.78223,0.07,0.005,-4.0,6.25,0.0,anginc_corr,ass_5_15,Apr,comment,25,ACl,1.0,8,30.658,0.0588052,1,3.84705424,54,1580187.0,-1411969985.0,2.38637,1.004,43.31198319086345,72.26621336238088,10.13231059777348,3.832264257179826,2.643948829674359,1.8264440414739624,2.579100160402088
38339,20150803220043620.SOFA.4-10.fb1,SOFA,64.9789,-16.8376,2015-08-03 22:00:43.620,2015,215.917,65.0194,-16.6723,9.00638,1.8,-12345,-12345,129.612,14.099999,15.460832,5.32822,0.18,0.00375,83.0,10.0,0.0,anginc_corr,ass_5_15,Apr,comment,50,ACl,4.0,10,46.612,0.0588052,1,2.93369532,52,19346.71,-1438638985.0,7.3576,1.004,43.8709734196168,62.3355899048092,9.822334616265035,3.76409187163776,2.609483230278152,4.779299190387576,2.463902525233768
38340,20150106023551620.SOFA.4-10.fb1,SOFA,64.9789,-16.8376,2015-01-06 02:35:51.620,2015,6.10814,65.0489,-16.4982,17.8025,1.0,-12345,-12345,19.405,13.9,15.426832,6.11663,0.09,0.001875,-28.0,4.75,0.0,anginc_corr,ass_5_16,Apr,comment,25,ACl,4.0,10,47.405,0.0588052,1,5.61612463,45,35802.11,-1420511985.0,8.40517,1.004,35.63412665904244,39.41112905163519,19.94897824565605,6.680521278846296,2.98614096310478,1.347139137499198,4.088980765429298
38341,20150715065904540.SOFA.4-10.fb1,SOFA,64.9789,-16.8376,2015-07-15 06:59:04.540,2015,196.291,65.0212,-16.6723,9.10768,2.1,-12345,-12345,110.829,13.9,15.494781,5.58458,0.02625,0.000937,63.0,6.25,0.0,anginc_corr,ass_5_15,Apr,comment,50,ACl,4.0,10,47.829,0.0588052,1,8.23701191,43,1320.944,-1436942985.0,7.32422,1.004,43.4272945706856,72.6524052919383,9.902929437708115,3.757489303983281,2.6355176652692287,0.6985962594228567,2.553146867795987
38342,20150803064631920.SOFA.3-8.fb1,SOFA,64.9789,-16.8376,2015-08-03 06:46:31.920,2015,215.282,65.022,-16.6702,9.24489,2.1,-12345,-12345,49.078,13.9,15.543765,3.01368,0.02625,0.006563,28.0,8.0,0.0,anginc_corr,ass_5_15,Apr,comment,50,ACl,3.0,8,21.078,0.0588052,1,2.59055066,48,2132.619,-1438583985.0,5.7552,1.004,43.3602428737642,72.42692985768366,10.039587666840774,3.802066700138778,2.6405606367911227,0.6904057519761864,2.568199901015488
38343,20150716041359420.SOFA.1-8.fb1,SOFA,64.9789,-16.8376,2015-07-16 04:13:59.420,2015,197.176,65.0203,-16.6723,9.0566,2.1,-12345,-12345,35.925,13.9,15.445004,5.50226,0.09,0.002812,-18.0,7.75,0.0,anginc_corr,ass_5_15,Apr,comment,50,ACl,1.0,8,53.925,0.0588052,1,2.25301099,60,168824.6,-1437019985.0,7.3576,1.004,43.45369555598977,72.74189800955202,9.849476202023403,3.7399350003752674,2.6335955574188064,2.4061106386085385,2.547252885722452
38344,20141028141605720.SOFA.4-10.fb1,SOFA,64.9789,-16.8376,2014-10-28 14:16:05.720,2014,301.594,65.0373,-16.5153,16.5347,3.1,-12345,-12345,105.326,14.099999,15.387722,3.30552,0.0425,0.001875,63.0,7.0,0.0,anginc_corr,ass_5_15,Apr,comment,25,ACl,4.0,10,42.326,0.0588052,1,5.41563702,34,55915.63,-1414505985.0,8.36028,1.004,34.901115468374286,61.78254721372081,18.0879451677339,5.802350315295585,3.117348002938092,0.732451983668625,4.402864526653434
38345,20150803060451180.SOFA.3-8.fb1,SOFA,64.9789,-16.8376,2015-08-03 06:04:51.180,2015,215.253,65.0185,-16.6702,9.0443,2.5,-12345,-12345,107.318,13.9,15.481358,7.95526,0.03,0.001875,61.0,8.5,0.0,anginc_corr,ass_5_15,Apr,comment,50,ACl,3.0,8,46.318,0.0588052,1,4.95094538,57,5627.092,-1438581985.0,6.63488,1.004,42.575951259237065,78.49057200066962,9.861978410544896,3.700202571032417,2.665253650638172,0.8107530988809231,2.7483462689624867
38346,20140904163431780.SOFA.4-10.fb1,SOFA,64.9789,-16.8376,2014-09-04 16:34:31.780,2014,247.69,65.0481,-16.5832,14.2586,0.9,-12345,-12345,132.099,13.9,15.533487,5.58143,0.035,0.00625,68.0,6.5,0.0,anginc_corr,ass_5_16,Apr,comment,25,ACl,4.0,10,64.099,0.0588052,1,4.74072409,35,394368.6,-1409847985.0,5.66981,1.004,36.62109729116602,40.09790412482845,16.266394107163514,5.6772444286692805,2.86519178653301,0.6164904098625357,3.6116306812506567
38347,20150815202814720.SOFA.4-10.fb1,SOFA,64.9789,-16.8376,2015-08-15 20:28:14.720,2015,227.853,65.0768,-16.5236,18.3804,1.9,-12345,-12345,6.584,14.099999,15.573465,3.19993,0.06375,0.0075,-24.0,9.75,0.0,anginc_corr,ass_5_16,Apr,comment,50,ACl,4.0,10,30.584,0.0588052,1,2.34473062,57,693.6083,-1439670985.0,4.88281,1.004,34.866963660909576,49.27993374944322,20.31434143258747,6.562086916223852,3.095713557582279,0.9714668018858674,4.41781744980408
38348,20140910074116360.SOFA.4-10.fb1,SOFA,64.9789,-16.8376,2014-09-10 07:41:16.360,2014,253.32,65.0167,-16.6511,9.75348,2.0,-12345,-12345,104.28,14.7,15.495232,3.88935,0.04,0.001875,64.0,9.75,0.0,anginc_corr,ass_5_15,Apr,comment,25,ACl,4.0,10,40.28,0.0588052,1,6.04976034,30,163695.0,-1410334985.0,6.11359,1.004,43.23766143044526,70.2080345504426,10.5758664223718,3.987368274970116,2.6523425209453624,1.0031426983005076,2.59590391060254
38349,20140911162801740.SOFA.1-8.fb1,SOFA,64.9789,-16.8376,2014-09-11 16:28:01.740,2014,254.686,65.0292,-16.5238,15.8279,2.8,-12345,-12345,10.789,13.9,15.590942,3.1421,0.12,0.02375,62.0,8.75,0.0,anginc_corr,ass_5_16,Apr,comment,25,ACl,1.0,8,51.211,0.0588052,1,2.36982298,37,13153590.0,-1410452985.0,5.74218,1.004,35.51129450308742,59.55743287636304,17.336125908022176,5.649248070596461,3.0687492727137022,2.123936941273996,4.140631485570263
38350,20150716210730820.SOFA.4-10.fb1,SOFA,64.9789,-16.8376,2015-07-16 21:07:30.820,2015,197.88,65.0167,-16.6765,8.68497,2.8,-12345,-12345,111.955,13.9,15.353063,6.33577,0.02625,0.000937,63.0,5.0,0.0,anginc_corr,ass_5_16,Apr,comment,50,ACl,4.0,10,48.955,0.0588052,1,8.66409492,50,455.792,-1437080985.0,7.76543,1.004,36.84542489825284,62.87744278388213,10.005486538850928,3.546881161019895,2.820925225465936,0.7400766862872388,3.5004302353939742
38351,20141003072345640.SOFA.1-8.fb1,SOFA,64.9789,-16.8376,2014-10-03 07:23:45.640,2014,276.308,65.0212,-16.6489,10.0667,1.9,-12345,-12345,161.365,13.9,15.920968,8.94164,0.075,0.00625,-42.0,6.0,0.0,anginc_corr,ass_5_15,Apr,comment,25,ACl,1.0,8,23.365,0.0588052,1,4.06851959,54,23358370.0,-1412320985.0,2.23068,1.004,43.19111519687121,65.14864081872564,10.916913335957192,4.1094792528408455,2.6565198810555937,1.824896809796428,2.6064382093584566
38352,20140831102121680.SOFA.1-8.fb1,SOFA,64.9789,-16.8376,2014-08-31 10:21:21.680,2014,243.431,65.0391,-16.5641,14.5382,2.3,-12345,-12345,103.834,13.9,15.459665,3.27722,0.0375,0.00125,54.0,5.25,0.0,anginc_corr,ass_5_15,Apr,comment,25,ACl,1.0,8,49.834,0.0588052,1,7.57645416,37,1595396.0,-1409479985.0,8.36028,1.004,36.3078517501372,57.12760514368038,16.03742461951897,5.363054188667239,2.9903528950738414,0.6992198909301806,3.767450058038937
38353,20150809221433620.SOFA.4-10.fb1,SOFA,64.9789,-16.8376,2015-08-09 22:14:33.620,2015,221.927,65.0212,-16.6744,9.02211,3.9,-12345,-12345,42.98,13.9,15.492487,3.28206,0.09,0.002812,-3.0,7.0,0.0,anginc_corr,ass_5_15,Apr,comment,50,ACl,4.0,10,45.98,0.0588052,1,2.12365294,52,832.5757,-1439158985.0,7.10417,1.004,36.042863389258905,89.87176710314095,10.29835240765393,3.5662569164768425,2.8877202761453944,2.523252721209701,3.90011579195742
38354,20140904000626640.SOFA.4-10.fb1,SOFA,64.9789,-16.8376,2014-09-04 00:06:26.640,2014,247.004,65.0391,-16.5832,13.7453,1.8,-12345,-12345,93.9,13.9,15.437295,6.11778,0.04,0.0,46.0,5.0,0.0,anginc_corr,ass_5_15,Apr,comment,25,ACl,4.0,10,47.9,0.0588052,1,20.7298241,45,92428.75,-1409788985.0,9.47165,1.004,36.57460436662723,49.59700863874374,15.3678648026431,5.236028005189821,2.935023416110619,0.7639267088791257,3.6347180811723705
38355,20140905004554360.SOFA.4-10.fb1,SOFA,64.9789,-16.8376,2014-09-05 00:45:54.360,2014,248.032,65.0319,-16.4983,17.0571,0.9,-12345,-12345,24.306,13.9,15.360062,3.3165,0.11,0.0025,63.0,4.75,0.0,anginc_corr,ass_5_16,Apr,comment,25,ACl,4.0,10,38.694,0.0588052,1,4.18865585,46,107784.3,-1409877985.0,8.35756,1.004,36.07820085552798,39.48346080586913,19.14447568137508,6.49855315539141,2.945959696504476,1.6925632406397997,3.882085251001187
38356,20140903230138160.SOFA.4-10.fb1,SOFA,64.9789,-16.8376,2014-09-03 23:01:38.160,2014,246.959,65.0167,-16.6468,9.93446,2.2,-12345,-12345,30.029,13.9,15.433113,3.07573,0.115,0.00375,74.0,8.75,0.0,anginc_corr,ass_5_15,Apr,comment,25,ACl,4.0,10,43.971,0.0588052,1,2.6955142,47,50064.08,-1409784985.0,5.59276,1.004,36.84300324282476,57.30465902086857,11.408381171261722,4.020671858692712,2.8374315468189097,2.859633755585378,3.5016289271899987
38357,20150105105028760.SOFA.2-3.fb1,SOFA,64.9789,-16.8376,2015-01-05 10:50:28.760,2015,5.4516,65.0552,-16.5173,17.3296,3.9,-12345,-12345,71.086,14.7,16.049936,3.55596,0.32,0.005,16.0,5.25,0.0,anginc_corr,ass_5_15,Apr,comment,25,ACl,2.0,3,55.086,0.0588052,1,22.9609814,19,4568.172,-1420454985.0,2.32747,1.004,33.94578600697509,71.63005582561996,18.94494853086786,5.937221803505931,3.1908776794696907,5.385817716148011,4.870935068511393
38358,20141003071430340.SOFA.4-10.fb1,SOFA,64.9789,-16.8376,2014-10-03 07:14:30.340,2014,276.302,65.0203,-16.6405,10.3778,1.1,-12345,-12345,45.046,14.5,15.381694,4.4318,0.1,0.003125,-17.0,6.0,0.0,anginc_corr,ass_5_15,Apr,comment,25,ACl,4.0,10,62.046,0.0588052,1,4.13076258,33,62376.48,-1412320985.0,6.96704,1.004,43.62118572933717,49.28619373503749,11.439710392452564,4.414935967460107,2.591138461977236,2.2647480739777848,2.5099209256290544
38359,20150812092657720.SOFA.4-10.fb1,SOFA,64.9789,-16.8376,2015-08-12 09:26:57.720,2015,224.394,65.0212,-16.668,9.27974,2.1,-12345,-12345,39.713,13.9,15.492487,3.0873,0.09,0.004687,-22.0,8.5,0.0,anginc_corr,ass_5_15,Apr,comment,50,ACl,4.0,10,61.713,0.0588052,1,2.38168859,47,8640.207,-1439371985.0,7.29668,1.004,43.33712478476984,72.34978014072176,10.084677256457432,3.816758133596492,2.6422101960531474,2.357694402519428,2.573420428476841
38360,20140831110052360.SOFA.1-8.fb1,SOFA,64.9789,-16.8376,2014-08-31 11:00:52.360,2014,243.459,65.0391,-16.5641,14.5382,2.3,-12345,-12345,95.206,13.9,15.490336,3.3407,0.04,0.000625,52.0,4.75,0.0,anginc_corr,ass_5_15,Apr,comment,25,ACl,1.0,8,43.206,0.0588052,1,8.54638386,45,1957767.0,-1409482985.0,7.56173,1.004,36.3078517501372,57.12760514368038,16.03742461951897,5.363054188667239,2.9903528950738414,0.7458332943429014,3.767450058038937
38361,20140915074421620.SOFA.4-10.fb1,SOFA,64.9789,-16.8376,2014-09-15 07:44:21.620,2014,258.322,65.04,-16.5789,13.9687,2.8,-12345,-12345,89.246,13.9,15.402111,3.01869,0.035,0.00125,44.0,5.25,0.0,anginc_corr,ass_5_15,Apr,comment,25,ACl,4.0,10,45.246,0.0588052,1,10.2831955,25,180379.4,-1410766985.0,8.36028,1.004,36.248449851391285,61.35535794270689,15.345309346199636,5.109444571732598,3.003322402418407,0.6849979276466911,3.7970695475025247
38362,20140920034132740.SOFA.4-10.fb1,SOFA,64.9789,-16.8376,2014-09-20 03:41:32.740,2014,263.154,65.0301,-16.6002,12.5692,3.1,-12345,-12345,94.604,13.9,15.437295,5.84239,0.0425,0.000625,49.0,3.5,0.0,anginc_corr,ass_5_15,Apr,comment,25,ACl,4.0,10,45.604,0.0588052,1,16.4351521,48,100234.2,-1411184985.0,8.83413,1.004,36.40881739641529,66.07642723484514,13.85202743233991,4.652064205174321,2.977608825117419,0.9135538845470136,3.7171574595089023
38363,20150816035249760.SOFA.4-10.fb1,SOFA,64.9789,-16.8376,2015-08-16 03:52:49.760,2015,228.162,65.0194,-16.668,9.18031,2.2,-12345,-12345,118.722,13.9,15.411134,8.69226,0.02625,0.0,80.0,4.0,0.0,anginc_corr,ass_5_15,Apr,comment,50,ACl,4.0,10,38.722,0.0588052,1,9.82024574,59,1753.165,-1439696985.0,9.27632,1.004,43.20646308369811,73.91599442487959,9.981268006993162,3.772342418492233,2.6459072108789568,0.6958456929623935,2.6029638019275474
38364,20140909184856380.SOFA.1-8.fb1,SOFA,64.9789,-16.8376,2014-09-09 18:48:56.380,2014,252.784,65.0212,-16.6765,8.93673,2.0,-12345,-12345,99.263,13.9,15.427026,7.96135,0.035,0.000625,53.0,3.0,0.0,anginc_corr,ass_5_15,Apr,comment,25,ACl,1.0,8,46.263,0.0588052,1,17.7500477,58,3103149.0,-1410288985.0,7.62195,1.004,43.63076635809912,71.40057636641411,9.73343867296182,3.7109334585480656,2.6229084357578625,0.9431379481839032,2.5077886322027894
38365,20150828084730220.SOFA.3-8.fb1,SOFA,64.9789,-16.8376,2015-08-28 08:47:30.220,2015,240.366,65.0149,-16.6595,9.30637,2.2,-12345,-12345,120.377,14.099999,15.530052,3.93929,0.03375,0.002812,75.0,8.75,0.0,anginc_corr,ass_5_15,Apr,comment,50,ACl,3.0,8,45.377,0.0588052,1,3.48825908,47,25663.45,-1440751985.0,6.11359,1.004,43.13237797189438,73.64450344006364,10.111275852215668,3.8144881616084727,2.6507555991344325,0.8847671842630689,2.619743030781936
38366,20141013144450180.SOFA.4-10.fb1,SOFA,64.9789,-16.8376,2014-10-13 14:44:50.180,2014,286.614,65.031,-16.598,12.7037,2.9,-12345,-12345,133.862,13.9,15.429176,4.62305,0.04,0.001875,-19.0,7.25,0.0,anginc_corr,ass_5_15,Apr,comment,25,ACl,4.0,10,27.138,0.0588052,1,5.76449108,52,101444.9,-1413211985.0,7.41699,1.004,36.45757789082907,62.75851095901226,14.028736525157088,4.721532583642094,2.971225185178243,0.8471673465948015,3.692892459695812
38367,20150823085229160.SOFA.4-10.fb1,SOFA,64.9789,-16.8376,2015-08-23 08:52:29.160,2015,235.37,65.0212,-16.6723,9.10768,2.1,-12345,-12345,123.196,14.099999,15.423799,4.87207,0.0225,0.000937,78.0,3.25,0.0,anginc_corr,ass_5_15,Apr,comment,50,ACl,4.0,10,45.196,0.0588052,1,10.0771399,55,1602.839,-1440319985.0,6.19507,1.004,43.4272945706856,72.6524052919383,9.902929437708115,3.757489303983281,2.6355176652692287,0.5987987320736465,2.553146867795987
38368,20150802112521400.SOFA.3-8.fb1,SOFA,64.9789,-16.8376,2015-08-02 11:25:21.400,2015,214.476,65.031,-16.6893,9.08944,2.1,-12345,-12345,34.235,14.099999,15.480628,4.79694,0.1125,0.001875,-6.0,4.5,0.0,anginc_corr,ass_5_15,Apr,comment,50,ACl,3.0,8,40.235,0.0588052,1,5.2574873,43,2898.187,-1438514985.0,4.10156,1.004,43.43739214435344,72.6865851850792,9.882686833132158,3.750845548634248,2.634789064223299,2.998649473208559,2.55089229525099
38369,20140905005759200.SOFA.3-8.fb1,SOFA,64.9789,-16.8376,2014-09-05 00:57:59.200,2014,248.04,65.0319,-16.4983,17.0571,0.8,-12345,-12345,51.353,13.9,15.365466,5.48547,0.12,0.00375,87.0,5.75,0.0,anginc_corr,ass_5_16,Apr,comment,25,ACl,3.0,8,35.647,0.0588052,1,4.71705818,39,1133422.0,-1409878985.0,4.80769,1.004,36.09884862750082,39.07201499684166,19.18799544860008,6.534397783177934,2.9364596532518106,1.8362806826459632,3.871764726057124
38370,20140911165412920.SOFA.4-10.fb1,SOFA,64.9789,-16.8376,2014-09-11 16:54:12.920,2014,254.704,65.0212,-16.6659,9.36611,2.3,-12345,-12345,97.9,14.099999,15.324286,3.13938,0.0525,0.00125,53.0,2.75,0.0,anginc_corr,ass_5_16,Apr,comment,25,ACl,4.0,10,44.9,0.0588052,1,8.41648674,44,47552.52,-1410453985.0,7.36607,1.004,42.88191088308445,74.84491084966625,10.181324734934906,3.825672367409756,2.661316432025873,1.3722431889959807,2.6771715674176573
38371,20140904182934820.SOFA.1-8.fb1,SOFA,64.9789,-16.8376,2014-09-04 18:29:34.820,2014,247.77,65.0839,-16.5364,18.398,0.5,-12345,-12345,87.203,13.9,15.681927,3.08846,0.04,0.00625,27.0,8.5,0.0,anginc_corr,ass_5_15,Apr,comment,25,ACl,1.0,8,60.203,0.0588052,1,3.39324331,41,4789985.0,-1409854985.0,3.7287,1.004,35.506655419587844,37.15413027190881,20.816580699706023,7.036344269542823,2.958436924385815,0.5684724241291406,4.142583763731628
38372,20150802010029180.SOFA.1-8.fb1,SOFA,64.9789,-16.8376,2015-08-02 01:00:29.180,2015,214.042,65.0212,-16.6765,8.93673,2.1,-12345,-12345,77.187,14.5,15.505503,4.7435,0.03,0.002812,40.0,10.0,0.0,anginc_corr,ass_5_15,Apr,comment,50,ACl,1.0,8,37.187,0.0588052,1,3.60386634,45,396993.0,-1438476985.0,6.15368,1.004,43.51032716962457,72.93526606413569,9.727981447379586,3.6999045841035656,2.6292519783281216,0.8108183940493063,2.534618638402238
38373,20140905141251140.SOFA.3-8.fb1,SOFA,64.9789,-16.8376,2014-09-05 14:12:51.140,2014,248.592,65.0436,-16.4961,17.6396,1.3,-12345,-12345,67.751,13.9,15.336382,3.89159,0.1275,0.00375,-84.0,4.75,0.0,anginc_corr,ass_5_15,Apr,comment,25,ACl,3.0,8,28.249,0.0588052,1,6.49811411,42,143550.3,-1409925985.0,5.62764,1.004,35.575437948289746,40.51415302750844,19.663675714777085,6.530697253752479,3.0109611502016143,1.9521323383330007,4.113649391951097
38374,20150818205227220.SOFA.3-8.fb1,SOFA,64.9789,-16.8376,2015-08-18 20:52:27.220,2015,230.87,65.0203,-16.668,9.22961,2.0,-12345,-12345,20.337,13.9,15.649909,8.26751,0.0825,0.006563,-40.0,7.5,0.0,anginc_corr,ass_5_15,Apr,comment,50,ACl,3.0,8,60.337,0.0588052,1,2.52964878,54,68108.16,-1439930985.0,4.74878,1.004,43.51800305675093,71.0519061397453,10.034213499048194,3.810852808079789,2.6330624677430743,2.164616168094824,2.532907095587662
38375,20140915123036820.SOFA.4-10.fb1,SOFA,64.9789,-16.8376,2014-09-15 12:30:36.820,2014,258.521,65.0319,-16.5938,12.9273,2.7,-12345,-12345,93.939,14.099999,15.412844,3.08066,0.045,0.000625,49.0,3.0,0.0,anginc_corr,ass_5_16,Apr,comment,25,ACl,4.0,10,44.939,0.0588052,1,10.5729561,51,106249.5,-1410783985.0,6.25,1.004,36.48400775947243,61.09316136101917,14.29597480143243,4.8184891790200055,2.9668998456358424,0.9338823264926076,3.679746366378271
38376,20141117133943260.SOFA.4-10.fb1,SOFA,64.9789,-16.8376,2014-11-17 13:39:43.260,2014,321.569,65.0418,-16.511,16.9192,2.9,-12345,-12345,94.51,14.7,15.425465,3.86415,0.045,0.00125,49.0,3.75,0.0,anginc_corr,ass_5_16,Apr,comment,25,ACl,4.0,10,45.51,0.0588052,1,11.7731476,28,225403.4,-1416231985.0,8.52273,1.004,34.88093693286333,58.83032313631638,18.53142367894357,5.945139511983006,3.1170712885024283,0.7569099998818274,4.411668584771847
38377,20150806080512020.SOFA.1-8.fb1,SOFA,64.9789,-16.8376,2015-08-06 08:05:12.020,2015,218.337,65.0176,-16.6723,8.90842,2.1,-12345,-12345,130.49,13.9,15.397522,6.4481,0.02625,0.001875,-88.0,5.5,0.0,anginc_corr,ass_5_15,Apr,comment,50,ACl,1.0,8,38.49,0.0588052,1,5.12057257,52,637544.9,-1438847985.0,7.3576,1.004,43.524902202673125,72.98534765624767,9.69477880303189,3.688931686482994,2.628072197312722,0.7115791221451673,2.531368933628108
38378,20140831231256000.SOFA.4-10.fb1,SOFA,64.9789,-16.8376,2014-08-31 23:12:56.000,2014,243.967,65.031,-16.5853,13.2406,1.0,-12345,-12345,111.107,13.9,15.345731,4.38381,0.0375,0.0025,78.0,6.0,0.0,anginc_corr,ass_5_15,Apr,comment,25,ACl,4.0,10,33.107,0.0588052,1,5.56060171,31,495660.3,-1409526985.0,9.96094,1.004,36.730487271039785,40.67071723361277,15.185321457110875,5.339733950433064,2.84383484234815,0.7022735211933195,3.5573648696129654
38379,20150801043646340.SOFA.3-8.fb1,SOFA,64.9789,-16.8376,2015-08-01 04:36:46.340,2015,213.192,65.031,-16.6893,9.08944,2.1,-12345,-12345,105.654,13.9,15.700806,3.03299,0.37125,0.005625,46.0,7.75,0.0,anginc_corr,ass_5_15,Apr,comment,50,ACl,3.0,8,59.654,0.0588052,1,3.22594833,30,900.148,-1438403985.0,4.29688,1.004,43.43739214435344,72.6865851850792,9.882686833132158,3.750845548634248,2.634789064223299,9.873645198872085,2.55089229525099
38380,20150108040250280.SOFA.4-10.fb1,SOFA,64.9789,-16.8376,2015-01-08 04:02:50.280,2015,8.16851,65.0131,-16.6786,8.40991,3.0,-12345,-12345,104.297,13.9,15.482561,5.63122,0.0375,0.000625,57.0,5.25,0.0,anginc_corr,ass_5_16,Apr,comment,25,ACl,4.0,10,47.297,0.0588052,1,8.65567398,37,21467.48,-1420689985.0,7.76543,1.004,36.84394221845184,64.73682756824931,9.6846248378028,3.435551402502145,2.818943366921943,1.0914953294161478,3.5011641404660176
38381,20140831093259660.SOFA.4-10.fb1,SOFA,64.9789,-16.8376,2014-08-31 09:32:59.660,2014,243.398,65.0391,-16.5662,14.4495,2.6,-12345,-12345,97.914,13.9,15.459665,6.69413,0.0375,0.000625,50.0,4.75,0.0,anginc_corr,ass_5_15,Apr,comment,25,ACl,4.0,10,47.914,0.0588052,1,15.0526476,36,438656.2,-1409477985.0,8.36028,1.004,36.22141766138829,59.64381401751554,15.878875607653251,5.283041594306045,3.005631381885613,0.7098094344030415,3.810556031360092
38382,20140915143640700.SOFA.1-8.fb1,SOFA,64.9789,-16.8376,2014-09-15 14:36:40.700,2014,258.609,65.0319,-16.5938,12.9273,2.6,-12345,-12345,91.671,13.9,15.468068,3.61383,0.035,0.0025,48.0,5.25,0.0,anginc_corr,ass_5_16,Apr,comment,25,ACl,1.0,8,43.671,0.0588052,1,6.97849035,46,12576520.0,-1410791985.0,5.14225,1.004,36.51360041430444,60.33069386325859,14.317904921672366,4.835098670228077,2.961243585334521,0.7238640595630841,3.665032438903464
38383,20150722005712740.SOFA.4-10.fb1,SOFA,64.9789,-16.8376,2015-07-22 00:57:12.740,2015,203.04,65.0185,-16.6702,9.0443,2.2,-12345,-12345,29.259,13.9,15.413349,13.4856,0.08625,0.002812,-26.0,6.75,0.0,anginc_corr,ass_5_15,Apr,comment,50,ACl,4.0,10,55.259,0.0588052,1,2.96961689,50,70840.8,-1437526985.0,7.3576,1.004,43.285514873719706,74.21032228074336,9.83562122908226,3.724944572867941,2.6404745189294285,2.315160424066676,2.5850821514358
38384,20150717171126960.SOFA.2-6.fb1,SOFA,64.9789,-16.8376,2015-07-17 17:11:26.960,2015,198.716,65.0202,-16.7062,7.71966,2.0,-12345,-12345,115.797,13.9,15.626917,4.31966,0.045,0.00375,64.0,7.5,0.0,anginc_corr,ass_5_16,Apr,comment,50,ACl,2.0,6,51.797,0.0588052,1,6.10673094,44,2455.272,-1437152985.0,3.71094,1.004,44.648943090018,74.85951317650054,8.43799901556433,3.289655614579952,2.565009838162575,1.3678603583400673,2.330391365788479
38385,20140905012627100.SOFA.1-8.fb1,SOFA,64.9789,-16.8376,2014-09-05 01:26:27.100,2014,248.06,65.0427,-16.4982,17.5076,1.2,-12345,-12345,46.161,13.9,15.544417,3.67608,0.12,0.00375,84.0,9.25,0.0,anginc_corr,ass_5_16,Apr,comment,25,ACl,1.0,8,37.839,0.0588052,1,3.67038822,34,6798911.0,-1409879985.0,4.4837,1.004,35.90596938520214,40.51154988595768,19.50333924332809,6.526835629208841,2.9881768672167737,1.838407883789728,3.970223025406724
38386,20140928201221420.SOFA.4-10.fb1,SOFA,64.9789,-16.8376,2014-09-28 20:12:21.420,2014,271.842,65.0212,-16.6702,9.19355,2.1,-12345,-12345,97.132,14.099999,15.346073,9.40357,0.0425,0.0,50.0,3.0,0.0,anginc_corr,ass_5_15,Apr,comment,25,ACl,4.0,10,47.132,0.0588052,1,29.0572586,40,228416.5,-1411934985.0,8.23492,1.004,43.383823074150406,72.5059306521342,9.99147715234235,3.7863961985528976,2.6387827972574387,1.1224039758076287,2.562877068372834
38387,20140902212704220.SOFA.3-8.fb1,SOFA,64.9789,-16.8376,2014-09-02 21:27:04.220,2014,245.894,65.0301,-16.5917,12.9272,0.1,-12345,-12345,25.136,14.099999,15.491765,4.61241,0.115,0.005,59.0,6.75,0.0,anginc_corr,ass_5_16,Apr,comment,25,ACl,3.0,8,33.864,0.0588052,1,3.53543568,39,638477.6,-1409692985.0,4.81048,1.004,36.8098876598199,37.152653923971336,15.290888671222426,5.579891670443795,2.740355830242538,2.06075310273377,3.518024570808353
38388,20150731012902180.SOFA.1-8.fb1,SOFA,64.9789,-16.8376,2015-07-31 01:29:02.180,2015,212.062,65.031,-16.7084,8.41495,4.8,-12345,-12345,126.362,14.7,15.829531,3.21994,0.235,0.0075,69.0,6.75,0.0,anginc_corr,ass_5_16,Apr,comment,50,ACl,1.0,8,57.362,0.0588052,1,9.65603447,22,22800.83,-1438305985.0,2.72042,1.004,33.59958276295222,99.07704199541212,10.013079297706865,3.412148187011048,2.9345382289735946,6.8790092815259385,4.8
38389,20150714021441920.SOFA.4-10.fb1,SOFA,64.9789,-16.8376,2015-07-14 02:14:41.920,2015,195.093,65.0157,-16.7635,5.38683,2.5,-12345,-12345,10.014,13.9,15.562043,6.29927,0.12,0.002812,46.0,5.75,0.0,anginc_corr,ass_5_15,Apr,comment,50,ACl,4.0,10,35.986,0.0588052,1,2.87763166,68,1070.645,-1436839985.0,5.23303,1.004,43.64536256065022,91.56617367015164,6.140833530806448,2.4574403715874653,2.498873869659581,4.880222188938888,2.5
38390,20150801144847300.SOFA.4-10.fb1,SOFA,64.9789,-16.8376,2015-08-01 14:48:47.300,2015,213.617,65.0597,-16.5619,15.8115,3.0,-12345,-12345,94.62,14.5,15.353063,3.22196,0.02625,0.001875,62.0,5.75,0.0,anginc_corr,ass_5_16,Apr,comment,50,ACl,4.0,10,32.62,0.0588052,1,7.4936142,52,158.736,-1438440985.0,7.70293,1.004,35.337681741307975,60.7291933002679,17.307721243625963,5.613039744223089,3.083484534639004,0.4676584822391305,4.214236805083102
38391,20140831084308680.SOFA.3-8.fb1,SOFA,64.9789,-16.8376,2014-08-31 08:43:08.680,2014,243.363,65.031,-16.5874,13.1508,2.3,-12345,-12345,110.284,14.5,15.447339,3.60375,0.035,0.00125,67.0,5.0,0.0,anginc_corr,ass_5_16,Apr,comment,25,ACl,3.0,8,43.284,0.0588052,1,10.7570467,30,205678.4,-1409474985.0,4.875,1.004,36.55729614847245,57.65584958021134,14.618277314483104,4.95469920256918,2.9503864345393622,0.7063912854050614,3.643316527621548
38392,20140914221123840.SOFA.4-10.fb1,SOFA,64.9789,-16.8376,2014-09-14 22:11:23.840,2014,257.924,65.0454,-16.5853,14.0141,2.9,-12345,-12345,54.417,13.9,15.424214,3.07985,0.0875,0.00375,-10.0,5.75,0.0,anginc_corr,ass_5_15,Apr,comment,25,ACl,4.0,10,64.417,0.0588052,1,3.53192306,47,62005.19,-1410732985.0,9.47165,1.004,36.19755524758096,62.08152666538168,15.373427639980674,5.107035492647401,3.0102449184294486,1.7131970145342734,3.822464972975832
38393,20141001005527220.SOFA.4-10.fb1,SOFA,64.9789,-16.8376,2014-10-01 00:55:27.220,2014,274.038,65.0194,-16.6659,9.26771,2.1,-12345,-12345,69.791,13.9,15.358811,9.32783,0.13,0.0025,-81.0,3.75,0.0,anginc_corr,ass_5_15,Apr,comment,25,ACl,4.0,10,29.209,0.0588052,1,6.45068026,46,782144.0,-1412124985.0,9.375,1.004,43.3446320867026,72.37480088515446,10.070190371786316,3.812038973884989,2.64168085394033,3.4092575133868763,2.57172491135614
38394,20150823154928600.SOFA.1-8.fb1,SOFA,64.9789,-16.8376,2015-08-23 15:49:28.600,2015,235.659,65.0203,-16.6702,9.14299,2.1,-12345,-12345,134.081,13.9,15.429176,4.61372,0.02625,0.00375,-83.0,7.25,0.0,anginc_corr,ass_5_15,Apr,comment,50,ACl,1.0,8,37.081,0.0588052,1,2.83007216,58,1343131.0,-1440344985.0,7.29668,1.004,43.40947382440043,72.59222762140517,9.938096378418964,3.7690198598372406,2.636785357466417,0.6964590970255813,2.557126777480092
38395,20150104064930600.SOFA.4-10.fb1,SOFA,64.9789,-16.8376,2015-01-04 06:49:30.600,2015,4.28425,65.0212,-16.668,9.27974,2.2,-12345,-12345,110.1,14.099999,15.482561,4.79334,0.04,0.000625,63.0,5.75,0.0,anginc_corr,ass_5_16,Apr,comment,25,ACl,4.0,10,47.1,0.0588052,1,8.71092033,40,18660.23,-1420353985.0,7.76543,1.004,43.14696610476866,73.69764086751628,10.08610147611176,3.806339350579995,2.6498166734857413,1.0508494390904843,2.616437416251773
38396,20140913203545660.SOFA.4-10.fb1,SOFA,64.9789,-16.8376,2014-09-13 20:35:45.660,2014,256.858,65.0678,-16.5343,17.3926,1.6,-12345,-12345,38.818,13.9,15.465577,3.65099,0.1075,0.003125,79.0,7.75,0.0,anginc_corr,ass_5_16,Apr,comment,25,ACl,4.0,10,40.182,0.0588052,1,3.46527481,43,219989.6,-1410640985.0,5.89038,1.004,35.56277683738334,43.44591972104877,19.28641446865234,6.361376703811735,3.031798833277068,1.6897651462770114,4.118973608782332
38397,20140915095936600.SOFA.1-8.fb1,SOFA,64.9789,-16.8376,2014-09-15 09:59:36.600,2014,258.416,65.0185,-16.598,12.1301,3.0,-12345,-12345,103.987,13.9,15.567173,3.50049,0.0375,0.0025,64.0,6.25,0.0,anginc_corr,ass_5_15,Apr,comment,25,ACl,1.0,8,39.987,0.0588052,1,4.2272625,48,1904793.0,-1410774985.0,5.81342,1.004,36.519409940220406,63.83218521324933,13.426817752925452,4.537948320803887,2.958785954298158,0.8263505261027149,3.662144512836412
38398,20150806055452360.SOFA.1-8.fb1,SOFA,64.9789,-16.8376,2015-08-06 05:54:52.360,2015,218.246,65.0167,-16.6701,8.94895,2.3,-12345,-12345,133.821,13.9,17.033195,3.91539,0.15,0.00625,-17.0,8.25,0.0,anginc_corr,ass_5_19,Apr,comment,50,ACl,1.0,8,29.179,0.0588052,1,1.76979244,95,204917.5,-1438839985.0,1.10156,1.004,43.1251084421144,75.84194416142893,9.74415280832262,3.6846018313481936,2.6445605941517,4.069310865109088,2.621390572542726
38399,20150722040306820.SOFA.2-6.fb1,SOFA,64.9789,-16.8376,2015-07-22 04:03:06.820,2015,203.169,65.022,-16.6702,9.24489,2.1,-12345,-12345,127.073,13.9,15.758041,4.26435,0.03,0.001875,73.0,6.25,0.0,anginc_corr,ass_5_15,Apr,comment,50,ACl,2.0,6,54.073,0.0588052,1,3.93670869,65,12323.48,-1437537985.0,3.86719,1.004,43.3602428737642,72.42692985768366,10.039587666840774,3.802066700138778,2.6405606367911227,0.7890322668458793,2.568199901015488
38400,20150819044028160.SOFA.2-6.fb1,SOFA,64.9789,-16.8376,2015-08-19 04:40:28.160,2015,231.195,65.0176,-16.6701,8.9962,2.3,-12345,-12345,120.37,14.3,15.592887,4.52392,0.02625,0.000937,74.0,5.5,0.0,anginc_corr,ass_5_16,Apr,comment,50,ACl,2.0,6,46.37,0.0588052,1,7.76861954,63,8965.02,-1439958985.0,5.35511,1.004,43.10079907858989,75.73939862139966,9.794243976145422,3.700737176220162,2.6465656732070366,0.7093092153752423,2.626953187734589
38401,20140909191029720.SOFA.4-10.fb1,SOFA,64.9789,-16.8376,2014-09-09 19:10:29.720,2014,252.799,65.0212,-16.6787,8.85177,2.0,-12345,-12345,96.095,13.9,15.38184,10.4388,0.0375,0.000625,50.0,2.5,0.0,anginc_corr,ass_5_16,Apr,comment,25,ACl,4.0,10,46.095,0.0588052,1,29.3623734,52,336536.4,-1410289985.0,7.76543,1.004,43.6522182828752,71.46754790174816,9.643930060778676,3.6808390788768057,2.6200357728546737,1.0187630098926093,2.5030154601692605
38402,20140929230739780.SOFA.4-10.fb1,SOFA,64.9789,-16.8376,2014-09-29 23:07:39.780,2014,272.964,65.0919,-16.8129,12.6452,3.4,-12345,-12345,104.5,14.5,15.437492,4.36202,0.0375,0.001875,45.0,6.25,0.0,anginc_corr,ass_5_15,Apr,comment,25,ACl,4.0,10,59.5,0.0588052,1,8.1674633,33,138121.8,-1412031985.0,7.26041,1.004,36.22204592064203,75.14121286946703,13.920361116956272,4.648344077461304,2.994692493710338,0.8067257768374247,3.810242537009242
38403,20140927123725300.SOFA.4-10.fb1,SOFA,64.9789,-16.8376,2014-09-27 12:37:25.300,2014,270.526,65.0212,-16.668,9.27974,2.2,-12345,-12345,110.212,14.099999,15.287001,3.9678,0.04,0.001875,-16.0,9.25,0.0,anginc_corr,ass_5_15,Apr,comment,25,ACl,4.0,10,53.788,0.0588052,1,5.11405754,28,69895.19,-1411820985.0,8.20772,1.004,43.14696610476866,73.69764086751628,10.08610147611176,3.806339350579995,2.6498166734857413,1.0508494390904843,2.616437416251773
38404,20140905001733280.SOFA.4-10.fb1,SOFA,64.9789,-16.8376,2014-09-05 00:17:33.280,2014,248.012,65.0391,-16.4961,17.4418,1.1,-12345,-12345,33.945,13.9,15.437295,3.22274,0.105,0.0175,72.0,8.5,0.0,anginc_corr,ass_5_15,Apr,comment,25,ACl,4.0,10,38.055,0.0588052,1,3.51079679,31,192073.1,-1409875985.0,9.14229,1.004,35.94581101221792,40.162453957712856,19.473951974350875,6.541696846181028,2.976896122252984,1.604984769723217,3.949806477468284
38405,20140904103306080.SOFA.4-10.fb1,SOFA,64.9789,-16.8376,2014-09-04 10:33:06.080,2014,247.44,65.0696,-16.5322,17.5889,0.7,-12345,-12345,119.04,14.099999,15.590942,3.3553,0.035,0.00375,71.0,8.75,0.0,anginc_corr,ass_5_16,Apr,comment,25,ACl,4.0,10,48.04,0.0588052,1,4.61060619,39,146828.4,-1409826985.0,5.55288,1.004,35.99190595693066,38.52266881547174,19.799624943549656,6.727234609008368,2.943204168476032,0.5202696975572962,3.926198305011456
38406,20150817215352160.SOFA.3-8.fb1,SOFA,64.9789,-16.8376,2015-08-17 21:53:52.160,2015,229.912,65.0122,-16.7083,7.13546,2.2,-12345,-12345,164.415,13.9,15.392042,6.31105,0.02625,0.004687,-75.0,7.5,0.0,anginc_corr,ass_5_15,Apr,comment,50,ACl,3.0,8,59.415,0.0588052,1,2.63927221,61,13227.37,-1439847985.0,5.69661,1.004,44.41031031094767,79.15407287164938,7.8530814191902865,3.071381092508193,2.5568567307866044,0.8546487677136838,2.3707575953586844
38407,20140907102338360.SOFA.4-10.fb1,SOFA,64.9789,-16.8376,2014-09-07 10:23:38.360,2014,250.433,65.0418,-16.5683,14.5031,1.8,-12345,-12345,96.048,14.3,15.280328,3.72413,0.05,0.00125,52.0,5.5,0.0,anginc_corr,ass_5_15,Apr,comment,25,ACl,4.0,10,44.048,0.0588052,1,10.4437428,35,84587.38,-1410084985.0,9.57031,1.004,36.44982096768642,49.399662042533016,16.144094513586957,5.460129962966416,2.956723488833604,0.9157099223500608,3.696751567755532
38408,20140902182110120.SOFA.4-10.fb1,SOFA,64.9789,-16.8376,2014-09-02 18:21:10.120,2014,245.765,65.0283,-16.5895,12.9309,0.7,-12345,-12345,39.558,14.099999,15.468172,3.47339,0.0975,0.0225,71.0,8.0,0.0,anginc_corr,ass_5_16,Apr,comment,25,ACl,4.0,10,31.442,0.0588052,1,2.91736364,42,47177.94,-1409681985.0,7.36607,1.004,36.7787899281555,39.38600601476736,15.010738524585946,5.354612843204851,2.8033284504658407,1.820709033269452,3.5334276272066827
38409,20150722082604760.SOFA.1-8.fb1,SOFA,64.9789,-16.8376,2015-07-22 08:26:04.760,2015,203.351,65.0355,-16.4919,17.4789,2.9,-12345,-12345,14.183,13.9,15.590181,3.20146,0.09,0.005625,55.0,8.75,0.0,anginc_corr,ass_5_15,Apr,comment,50,ACl,1.0,8,40.817,0.0588052,1,2.08051515,63,468281.5,-1437553985.0,5.01052,1.004,34.664462895739376,58.32004179572756,19.136942730132745,6.1030721209379095,3.1356245430034035,1.474586991622573,4.508027102656143
38410,20150801083804120.SOFA.4-10.fb1,SOFA,64.9789,-16.8376,2015-08-01 08:38:04.120,2015,213.36,65.0472,-16.5747,14.5447,3.1,-12345,-12345,108.107,13.9,15.437295,3.92149,0.02625,0.001875,63.0,6.25,0.0,anginc_corr,ass_5_15,Apr,comment,50,ACl,4.0,10,45.107,0.0588052,1,5.77404308,48,1120.86,-1438417985.0,8.78906,1.004,35.98744227551789,64.81617963398651,15.894955319784396,5.232027839144553,3.0380104633356178,0.5017143566021787,3.92848383921904
38411,20150823084846560.SOFA.4-10.fb1,SOFA,64.9789,-16.8376,2015-08-23 08:48:46.560,2015,235.367,65.0229,-16.6765,9.04325,1.9,-12345,-12345,120.314,13.9,15.423799,4.23394,0.02625,0.000937,75.0,3.5,0.0,anginc_corr,ass_5_15,Apr,comment,50,ACl,4.0,10,45.314,0.0588052,1,9.46542454,71,487.4184,-1440319985.0,6.19507,1.004,43.66284417051854,66.25240501010411,9.850137268622492,3.758991294668799,2.6204203459030304,0.6983171261651933,2.5006517726032342
38412,20140831110201360.SOFA.1-8.fb1,SOFA,64.9789,-16.8376,2014-08-31 11:02:01.360,2014,243.46,65.04,-16.5619,14.6731,2.5,-12345,-12345,101.865,14.099999,15.474509,4.72218,0.04,0.000625,55.0,6.25,0.0,anginc_corr,ass_5_15,Apr,comment,25,ACl,1.0,8,46.865,0.0588052,1,9.15698242,47,3996596.0,-1409482985.0,7.56173,1.004,36.208634229932905,58.82251295165712,16.13343048852729,5.36673464267112,3.006191206147914,0.7453218233933967,3.8169353676665496
38413,20150721022823320.SOFA.1-8.fb1,SOFA,64.9789,-16.8376,2015-07-21 02:28:23.320,2015,202.103,65.0212,-16.6702,9.19355,2.0,-12345,-12345,34.244,13.9,15.397522,6.22477,0.08625,0.0075,-31.0,9.75,0.0,anginc_corr,ass_5_15,Apr,comment,50,ACl,1.0,8,65.244,0.0588052,1,1.82506049,45,976351.4,-1437445985.0,7.3576,1.004,43.53567354377211,71.10617728193226,9.994198452731192,3.797647287063704,2.6316815905403868,2.2708501926629765,2.5289678189374696
38414,20150819130614620.SOFA.1-8.fb1,SOFA,64.9789,-16.8376,2015-08-19 13:06:14.620,2015,231.546,65.0194,-16.6702,9.09321,2.2,-12345,-12345,50.153,14.3,15.413349,3.71893,0.09,0.00375,-9.0,8.75,0.0,anginc_corr,ass_5_15,Apr,comment,50,ACl,1.0,8,59.153,0.0588052,1,2.10877895,49,52647.85,-1439989985.0,7.29668,1.004,43.25808658598191,74.1076423538163,9.887095588983405,3.7417173897682288,2.64239507131666,2.4049648049512484,2.5912838480192475
38415,20150725034054760.SOFA.4-10.fb1,SOFA,64.9789,-16.8376,2015-07-25 03:40:54.760,2015,206.153,65.022,-16.6723,9.15951,1.6,-12345,-12345,124.151,14.099999,15.352332,5.30054,0.02625,0.000937,83.0,6.0,0.0,anginc_corr,ass_5_15,Apr,comment,50,ACl,4.0,10,41.151,0.0588052,1,7.04989004,47,331.8509,-1437795985.0,7.03125,1.004,44.06376739961142,55.31577764010896,10.00956450869544,3.8578754721863655,2.5945794727849885,0.680418441851316,2.430314659057202
38416,20140920231836920.SOFA.1-8.fb1,SOFA,64.9789,-16.8376,2014-09-20 23:18:36.920,2014,263.971,65.0212,-16.6765,8.93673,2.0,-12345,-12345,108.132,13.9,15.439395,3.91834,0.0325,0.001875,61.0,7.0,0.0,anginc_corr,ass_5_16,Apr,comment,25,ACl,1.0,8,47.132,0.0588052,1,4.90765762,46,2379831.0,-1411254985.0,7.76543,1.004,43.63076635809912,71.40057636641411,9.73343867296182,3.7109334585480656,2.6229084357578625,0.8757736346467482,2.5077886322027894
38417,20150730093653260.SOFA.4-10.fb1,SOFA,64.9789,-16.8376,2015-07-30 09:36:53.260,2015,211.4,64.9987,-16.6298,10.0498,3.8,-12345,-12345,54.045,13.9,15.437295,5.01099,0.02625,0.004687,32.0,6.0,0.0,anginc_corr,ass_5_15,Apr,comment,50,ACl,4.0,10,22.045,0.0588052,1,3.76823163,56,4639.405,-1438248985.0,8.91644,1.004,36.15735868025146,86.39980122030168,11.304690756722158,3.8656517195449935,2.924394533414607,0.6790497256872641,3.84253395758754
38418,20150823233434680.SOFA.4-10.fb1,SOFA,64.9789,-16.8376,2015-08-23 23:34:34.680,2015,235.982,65.0167,-16.6638,9.21516,3.2,-12345,-12345,42.42,13.9,15.350039,7.62511,0.09,0.00375,-23.0,6.0,0.0,anginc_corr,ass_5_15,Apr,comment,50,ACl,4.0,10,65.42,0.0588052,1,4.20474148,44,1462.6,-1440372985.0,7.3576,1.004,36.79264104765236,70.29885076300974,10.45076374701043,3.649595428389463,2.863540343599748,2.46565196133588,3.5265662395877
38419,20150105191204460.SOFA.1-8.fb1,SOFA,64.9789,-16.8376,2015-01-05 19:12:04.460,2015,5.79992,65.0167,-16.6659,9.12619,2.2,-12345,-12345,12.148,13.9,15.47666,3.18475,0.0925,0.0025,-25.0,6.0,0.0,anginc_corr,ass_5_15,Apr,comment,25,ACl,1.0,8,37.148,0.0588052,1,3.63478708,56,789514.7,-1420484985.0,7.3576,1.004,43.23892514079542,74.03626456538375,9.922436848512069,3.7532197775207,2.643713248006656,2.4641764564634627,2.5956180210209068
38420,20150808051813820.SOFA.4-10.fb1,SOFA,64.9789,-16.8376,2015-08-08 05:18:13.820,2015,220.221,65.0185,-16.6405,10.291,3.9,-12345,-12345,110.461,13.9,15.33265,5.16186,0.02625,0.001875,73.0,6.0,0.0,anginc_corr,ass_5_15,Apr,comment,50,ACl,4.0,10,37.461,0.0588052,1,7.10969639,50,298.7949,-1439010985.0,9.27632,1.004,35.97747741502516,86.78752790489911,11.565643937872562,3.934717817265933,2.939383324293642,0.6671306341729633,3.933586603039509
38421,20140905141549680.SOFA.3-8.fb1,SOFA,64.9789,-16.8376,2014-09-05 14:15:49.680,2014,248.594,65.0498,-16.5003,17.7568,2.1,-12345,-12345,115.52,14.099999,15.329021,3.38118,0.04,0.00375,71.0,8.25,0.0,anginc_corr,ass_5_15,Apr,comment,25,ACl,3.0,8,44.52,0.0588052,1,5.15153885,32,136899.2,-1409926985.0,4.65495,1.004,35.06114475588844,52.90477652890865,19.570499070113726,6.337366769755385,3.088112110460844,0.6311706908718406,4.333119137821831
