,1event,stat,slat,slon,5cuspid,year,doy_det,evla,evlo,10dist(ev-stat),depthkm,mag,baz,spol,wbeg,wend,20SNR,tlag,Dtlag,fast,Dfast,25anginc,anginc_corr,type_ini,timestamp,comment,30nyquist,gradeABCNR,filt_lo,filt_HI,spol-fast,35bandang,pickgrade,lambdamax,ndf,lambda2_min,40ttime,maxfreq,Elev,anginc_epi,takeoff_ang_epi,path_length_source_to_station_km,traveltime_source_to_station_s,v_avg_source_to_station_kms,SWA_source_to_station,max_ray_depth_km
32876,20121023012717340.EFJA.4-10.fb1,EFJA,65.0336,-16.9621,2012-10-23 01:27:17.340,2012,297.06,65.0946,-16.7512,12.0369,4.7,-12345,-12345,108.387,13.9,15.304509,3.73242,0.06,0.00375,41.0,8.5,0.0,anginc_corr,ass_5_15,Apr,comment,50,ACl,4.0,10,67.387,0.0588052,1,7.95616817,32,356.1829,-1350955985.0,7.73438,0.883,34.2147309663802,86.68065842990751,13.526991214927028,4.414157086059588,3.0644562373293893,1.3592001302356491,4.733210560862913
32877,20141221050623780.EFJA.4-10.fb1,EFJA,65.0336,-16.9621,2014-12-21 05:06:23.780,2014,355.213,65.0775,-16.817,8.40675,2.1,-12345,-12345,22.128,13.9,15.281578,3.79263,0.02625,0.00375,54.0,8.5,0.0,anginc_corr,ass_5_16,Apr,comment,50,ACl,4.0,10,31.872,0.0588052,1,3.70490813,43,22845.04,-1419137985.0,8.60253,0.883,43.675476626946434,73.51064523307653,9.175999539208696,3.515168603940355,2.610400971641243,0.7467532003772703,2.498292901566928
32878,20140903020925580.EFJA.2-6.fb1,EFJA,65.0336,-16.9621,2014-09-03 02:09:25.580,2014,246.09,65.0203,-16.6659,14.0382,0.9,-12345,-12345,179.962,13.9,15.704481,3.21387,0.2625,0.034688,22.0,7.0,0.0,anginc_corr,ass_5_15,Apr,comment,50,ACl,2.0,6,22.038,0.0588052,1,3.53374147,24,1078374.0,-1409709985.0,4.21698,0.883,36.651227427590456,40.1320405488679,16.03318544290167,5.609414518402836,2.858263619189046,4.6770735936448204,3.596676127284079
32879,20140924085601840.EFJA.4-10.fb1,EFJA,65.0336,-16.9621,2014-09-24 08:56:01.840,2014,267.372,65.099,-16.864,8.63006,1.7,-12345,-12345,50.195,14.099999,15.349368,3.60494,0.09375,0.004687,-3.0,9.75,0.0,anginc_corr,ass_5_15,Apr,comment,50,ACl,4.0,10,53.195,0.0588052,1,2.72740173,33,52174.55,-1411548985.0,7.53706,0.883,44.44976589959906,59.48251598160565,9.426311385698472,3.653847900095677,2.579831356814727,2.5653661045055287,2.36402718966529
32880,20141208090717320.EFJA.4-10.fb1,EFJA,65.0336,-16.9621,2014-12-08 09:07:17.320,2014,342.38,65.0409,-16.5046,21.568,2.1,-12345,-12345,171.042,14.099999,15.323295,3.21884,0.09,0.00375,15.0,8.25,0.0,anginc_corr,ass_5_15,Apr,comment,50,ACl,4.0,10,23.958,0.0588052,1,5.2731719,26,72502.5,-1418029985.0,6.62365,0.883,33.69418635961323,50.38028950970129,23.71035044749256,7.4003283205177,3.203959259720232,1.2161172921565822,5.002865765303043
32881,20121027155027620.EFJA.1-8.fb1,EFJA,65.0336,-16.9621,2012-10-27 15:50:27.620,2012,301.66,65.0463,-16.5428,19.8016,0.8,-12345,-12345,173.427,14.3,16.07991,3.10347,0.09,0.01,20.0,7.0,0.0,anginc_corr,ass_5_15,Apr,comment,50,ACl,1.0,8,26.573,0.0588052,1,3.29826903,32,794618.3,-1351352985.0,2.43056,0.883,34.67366089266614,37.48855364410677,22.26410031353741,7.321030831343364,3.0411154967711127,1.229288634135628,4.50348513620627
32882,20140820013542180.EFJA.2-6.fb1,EFJA,65.0336,-16.9621,2014-08-20 01:35:42.180,2014,232.066,65.0203,-16.6659,14.0382,1.5,-12345,-12345,175.844,14.099999,15.617844,3.65009,0.28125,0.006563,16.0,4.5,0.0,anginc_corr,ass_5_15,Apr,comment,50,ACl,2.0,6,20.156,0.0588052,1,7.29434967,35,3282939.0,-1408498985.0,3.86719,0.883,36.57838733211065,42.54199492191941,15.77343304556934,5.406999656176349,2.917224717695616,5.198077186091865,3.63283902090914
32883,20120929002010240.EFJA.3-8.fb1,EFJA,65.0336,-16.9621,2012-09-29 00:20:10.240,2012,273.014,65.0695,-16.8148,8.00642,2.6,-12345,-12345,86.372,13.9,15.610545,7.14062,0.0525,0.004687,50.0,9.25,0.0,anginc_corr,ass_5_15,Apr,comment,50,ACl,3.0,8,36.372,0.0588052,1,4.80428171,25,26558.71,-1348877985.0,5.03178,0.883,42.78715040590727,82.72331981555456,8.80041277339197,3.344920972078469,2.6309777859784726,1.569447156897752,2.6991264130040884
32884,20121104212820520.EFJA.4-10.fb1,EFJA,65.0336,-16.9621,2012-11-04 21:28:20.520,2012,309.894,65.0721,-16.8106,8.33031,2.2,-12345,-12345,41.385,14.5,15.269347,10.4429,0.0225,0.0,19.0,0.5,0.0,anginc_corr,ass_5_15,Apr,comment,50,ACl,4.0,10,22.385,0.0588052,1,815.461853,28,144.1519,-1352064985.0,6.98242,0.883,43.61393326235719,75.49076536685679,9.088712626535695,3.478500544569458,2.6128248393477334,0.646823663601026,2.51153528238286
32885,20140727211222260.EFJA.2-6.fb1,EFJA,65.0336,-16.9621,2014-07-27 21:12:22.260,2014,208.883,65.0381,-16.7615,9.4658,1.2,-12345,-12345,60.25,14.7,15.669258,3.10285,0.31125,0.00375,15.0,6.5,0.0,anginc_corr,ass_5_15,Apr,comment,50,ACl,2.0,6,45.25,0.0588052,1,4.04895592,27,3980.785,-1406494985.0,3.95275,0.883,44.29634364446477,50.67501974543841,10.424592213301109,4.069989803327838,2.561331285099882,7.636290690861003,2.390223730823092
32886,20141109222306420.EFJA.2-6.fb1,EFJA,65.0336,-16.9621,2014-11-09 22:23:06.420,2014,313.933,65.0229,-16.6702,13.8094,2.0,-12345,-12345,139.403,14.7,15.477646,3.93307,0.09,0.004687,-8.0,8.25,0.0,anginc_corr,ass_5_15,Apr,comment,50,ACl,2.0,6,32.597,0.0588052,1,15.8099136,21,22033250.0,-1415571985.0,3.86719,0.883,36.52587947628591,54.83796912696704,15.362503676877324,5.206368415219235,2.950713904911092,1.7285230373857985,3.658928749676853
32887,20121024221508760.EFJA.4-10.fb1,EFJA,65.0336,-16.9621,2012-10-24 22:15:08.760,2012,298.927,65.0158,-16.6617,14.2995,2.2,-12345,-12345,56.304,14.5,15.463038,5.11273,0.18,0.021562,-2.0,10.0,0.0,anginc_corr,ass_5_15,Apr,comment,50,ACl,4.0,10,58.304,0.0588052,1,2.71080875,31,2916.782,-1351116985.0,5.99798,0.883,36.38767302745744,56.36700049577759,15.809258310608154,5.3099884210163575,2.9772679443210888,3.388864643691392,3.7276844048954834
32888,20120806112011000.EFJA.1-8.fb1,EFJA,65.0336,-16.9621,2012-08-06 11:20:11.000,2012,219.472,65.0212,-16.6702,13.8286,2.0,-12345,-12345,97.107,14.7,15.506578,4.54442,0.2175,0.005625,-15.0,7.0,0.0,anginc_corr,ass_5_15,Apr,comment,50,ACl,1.0,8,67.893,0.0588052,1,5.11857986,34,11280.12,-1344251985.0,4.09226,0.883,36.52295024550789,54.83235510069021,15.381015384340127,5.211719786317793,2.951236063135925,4.171471031612128,3.660384726860221
32889,20141110193608580.EFJA.1-8.fb1,EFJA,65.0336,-16.9621,2014-11-10 19:36:08.580,2014,314.817,65.0955,-16.8001,10.2835,2.3,-12345,-12345,48.402,13.9,15.571791,4.77282,0.06,0.000937,11.0,4.5,0.0,anginc_corr,ass_5_16,Apr,comment,50,ACl,1.0,8,37.402,0.0588052,1,8.11165047,55,1028728.0,-1415647985.0,5.46875,0.883,36.82939715429051,58.23900036620805,11.727147978998644,4.105132566044505,2.856703843378759,1.4615069070515574,3.5083644914688863
32890,20120712022525660.EFJA.4-10.fb1,EFJA,65.0336,-16.9621,2012-07-12 02:25:25.660,2012,194.101,65.0041,-16.7507,10.4973,3.2,-12345,-12345,73.678,14.099999,15.477127,3.8832,0.09,0.001875,-41.0,5.75,0.0,anginc_corr,ass_5_15,Apr,comment,50,ACl,4.0,10,65.322,0.0588052,1,6.30992556,40,429.6802,-1342059985.0,6.8662,0.883,36.67871152959569,69.8774348515531,11.731753760615025,4.02730522796936,2.913053045778302,2.2344660019513185,3.583039987156428
32891,20150120060954080.EFJA.4-10.fb1,EFJA,65.0336,-16.9621,2015-01-20 06:09:54.080,2015,20.2568,65.1233,-16.7812,13.1349,3.2,-12345,-12345,167.942,13.9,15.345735,4.69795,0.09,0.000937,44.0,4.0,0.0,anginc_corr,ass_5_15,Apr,comment,50,ACl,4.0,10,56.058,0.0588052,1,7.16418362,45,6167.531,-1421733985.0,7.61719,0.883,36.25062583772984,68.35910245435294,14.4193146981435,4.806479222955977,2.99997441563383,1.872308364683306,3.795984140721229
32892,20140828102021960.EFJA.4-10.fb1,EFJA,65.0336,-16.9621,2014-08-28 10:20:21.960,2014,240.431,65.1394,-16.7941,14.2037,1.1,-12345,-12345,10.764,13.9,15.267247,3.78,0.09,0.001875,39.0,5.0,0.0,anginc_corr,ass_5_15,Apr,comment,50,ACl,4.0,10,28.236,0.0588052,1,6.73477745,38,2185284.0,-1409220985.0,9.07258,0.883,36.60547165982385,40.93138944263305,16.118269830695134,5.590449981958753,2.8831793295193204,1.6097840000398378,3.619388486025605
32893,20140902235815780.EFJA.3-8.fb1,EFJA,65.0336,-16.9621,2014-09-02 23:58:15.780,2014,245.999,65.0409,-16.5025,21.6679,2.3,-12345,-12345,100.201,14.7,15.708036,3.97789,0.34875,0.006563,-31.0,9.5,0.0,anginc_corr,ass_5_15,Apr,comment,50,ACl,3.0,8,48.799,0.0588052,1,5.64554119,14,14300.34,-1409701985.0,4.14244,0.883,33.681139602490376,51.87032493770505,23.741816622681224,7.382982166789857,3.2157488784784967,4.721068862730959,5.013140161419641
32894,20121112010226500.EFJA.4-10.fb1,EFJA,65.0336,-16.9621,2012-11-12 01:02:26.500,2012,317.043,65.0883,-16.7937,10.0043,3.7,-12345,-12345,124.191,13.9,15.515688,3.87311,0.15,0.020625,-2.0,10.0,0.0,anginc_corr,ass_5_16,Apr,comment,50,ACl,4.0,10,53.809,0.0588052,1,2.97939181,34,3941.017,-1352681985.0,6.49909,0.883,36.31570282985591,85.60869012029885,11.241501485543798,3.8537580566178473,2.9170231551613326,3.890831447175458,3.763536971514641
32895,20150201021602160.EFJA.4-10.fb1,EFJA,65.0336,-16.9621,2015-02-01 02:16:02.160,2015,32.0943,65.0704,-16.8127,8.14292,2.3,-12345,-12345,48.31,13.9,15.531954,5.88153,0.15375,0.019687,24.0,6.25,0.0,anginc_corr,ass_5_15,Apr,comment,50,ACl,4.0,10,24.31,0.0588052,1,3.88543272,30,191002.0,-1422756985.0,6.02948,0.883,43.5262355226432,77.64714748854044,8.902824702835943,3.4082425113984374,2.6121453133283703,4.508829925940461,2.531071690729669
32896,20140708234321500.EFJA.4-10.fb1,EFJA,65.0336,-16.9621,2014-07-08 23:43:21.500,2014,189.988,64.9987,-16.7528,10.6099,3.2,-12345,-12345,7.464,14.7,15.460844,3.61336,0.02625,0.001875,-62.0,3.5,0.0,anginc_corr,ass_5_15,Apr,comment,50,ACl,4.0,10,69.464,0.0588052,1,13.4626799,27,1435.767,-1404862985.0,7.61719,0.883,36.66563007122554,69.8295487224971,11.845991058854874,4.060816731512463,2.917144959270989,0.6464149337432445,3.5895296992521084
32897,20140829053026720.EFJA.1-8.fb1,EFJA,65.0336,-16.9621,2014-08-29 05:30:26.720,2014,241.229,65.0525,-16.5449,19.7628,0.8,-12345,-12345,44.899,13.9,15.721041,3.38382,0.155,0.005,-11.0,7.5,0.0,anginc_corr,ass_5_15,Apr,comment,50,ACl,1.0,8,55.899,0.0588052,1,2.70904517,48,266375.6,-1409289985.0,3.13649,0.883,34.678230453580646,37.49362036558726,22.22380637038027,7.310011084742676,3.040187779846928,2.12014154394069,4.501230712693186
32898,20140830152007960.EFJA.4-10.fb1,EFJA,65.0336,-16.9621,2014-08-30 15:20:07.960,2014,242.639,65.0301,-16.5747,18.2594,2.2,-12345,-12345,6.668,14.099999,15.468359,3.09149,0.24,0.00375,34.0,7.75,0.0,anginc_corr,ass_5_16,Apr,comment,50,ACl,4.0,10,27.332,0.0588052,1,4.45125389,29,287736.8,-1409411985.0,7.12757,0.883,34.74171033656862,53.1116135201111,20.103194697167083,6.455988067024165,3.1138834967570634,3.716195520412669,4.47306828756262
32899,20120906185458640.EFJA.4-10.fb1,EFJA,65.0336,-16.9621,2012-09-06 18:54:58.640,2012,250.788,65.1449,-16.7557,15.7513,3.7,-12345,-12345,91.863,13.9,15.434008,5.62809,0.13125,0.021562,38.0,9.75,0.0,anginc_corr,ass_5_15,Apr,comment,50,ACl,4.0,10,53.863,0.0588052,1,3.91435575,41,1077.591,-1346957985.0,7.73438,0.883,34.630729962365415,73.08646159015684,17.2610080029376,5.515952324021793,3.1292888315525267,2.3791254825084707,4.524743038759079
32900,20140815022140640.EFJA.3-8.fb1,EFJA,65.0336,-16.9621,2014-08-15 02:21:40.640,2014,227.098,65.0382,-16.6999,12.3631,5.1,-12345,-12345,99.643,14.7,15.605474,3.55909,0.105,0.00375,45.0,5.5,0.0,anginc_corr,ass_5_15,Apr,comment,50,ACl,3.0,8,54.643,0.0588052,1,21.1138458,17,872.2343,-1408068985.0,4.15482,0.883,33.57095788017916,90.14623762135206,13.951911303834564,4.500329080975511,3.100198019476897,2.33284527469948,5.1
32901,20120902145333440.EFJA.3-8.fb1,EFJA,65.0336,-16.9621,2012-09-02 14:53:33.440,2012,246.62,65.1467,-16.4808,25.9068,4.9,-12345,-12345,157.344,14.3,15.570696,3.41127,0.05625,0.002812,8.0,5.25,0.0,anginc_corr,ass_5_15,Apr,comment,50,ACl,3.0,8,30.656,0.0588052,1,7.30061245,36,27018.36,-1346597985.0,5.46177,0.883,33.06710407014584,78.10499727323264,27.566424478054188,8.189856251623661,3.3659228722835115,0.6868171420649105,5.533853755002383
32902,20150124104501420.EFJA.4-10.fb1,EFJA,65.0336,-16.9621,2015-01-24 10:45:01.420,2015,24.4478,65.0847,-16.8,9.52412,2.6,-12345,-12345,53.158,13.9,15.433923,10.4863,0.09375,0.001875,30.0,3.25,0.0,anginc_corr,ass_5_15,Apr,comment,50,ACl,4.0,10,23.158,0.0588052,1,8.35650444,45,28678.73,-1422095985.0,6.70114,0.883,36.83731120929553,61.10585365189592,10.885892653563598,3.826287078141184,2.8450276812089017,2.4497883236989537,3.5044465682901507
32903,20120825200653840.EFJA.3-8.fb1,EFJA,65.0336,-16.9621,2012-08-25 20:06:53.840,2012,238.838,65.0212,-16.6723,13.7292,2.1,-12345,-12345,128.961,14.7,15.701962,3.52726,0.07125,0.002812,-6.0,6.75,0.0,anginc_corr,ass_5_15,Apr,comment,50,ACl,3.0,8,45.039,0.0588052,1,13.2577963,19,2862.039,-1345924985.0,3.86719,0.883,36.51540139471787,55.712557353977736,15.252885227112037,5.162150939536097,2.954753823700233,1.3801728731323235,3.664137145024721
32904,20121015212425880.EFJA.2-6.fb1,EFJA,65.0336,-16.9621,2012-10-15 21:24:25.880,2012,289.892,65.0721,-16.8382,7.24455,2.1,-12345,-12345,123.047,13.9,15.605856,6.27342,0.14625,0.002812,-15.0,5.5,0.0,anginc_corr,ass_5_15,Apr,comment,50,ACl,2.0,6,41.953,0.0588052,1,5.09581089,45,55499.28,-1350335985.0,4.6875,0.883,44.70762036064807,77.63600563370936,7.94469546604262,3.113898597528673,2.551366146716492,4.694097498477134,2.320521497245432
32905,20141105210748920.EFJA.4-10.fb1,EFJA,65.0336,-16.9621,2014-11-05 21:07:48.920,2014,309.88,65.0802,-16.8149,8.664,2.8,-12345,-12345,12.9,13.9,15.494781,6.87643,0.02625,0.004687,38.0,7.5,0.0,anginc_corr,ass_5_15,Apr,comment,50,ACl,4.0,10,25.1,0.0588052,1,4.67635775,36,376685.4,-1415221985.0,6.83594,0.883,36.84565049464844,62.87803054688824,9.97694156317975,3.5383675371301133,2.8196453473207628,0.7418573270285833,3.5003185696861143
32906,20140830130028260.EFJA.1-8.fb1,EFJA,65.0336,-16.9621,2014-08-30 13:00:28.260,2014,242.542,65.1053,-16.8598,9.32977,1.1,-12345,-12345,113.681,14.7,15.456882,4.13031,0.135,0.00375,-18.0,7.0,0.0,anginc_corr,ass_5_16,Apr,comment,50,ACl,1.0,8,48.319,0.0588052,1,7.00387812,23,3066561.0,-1409403985.0,5.46875,0.883,44.55735029037241,50.43217065516691,10.313506382485125,4.055475855546891,2.543106345554688,3.3279108719526107,2.345817787032585
32907,20150203082432700.EFJA.1-8.fb1,EFJA,65.0336,-16.9621,2015-02-03 08:24:32.700,2015,34.3502,65.0695,-16.8148,8.00642,2.2,-12345,-12345,55.758,14.099999,15.527645,3.22304,0.15,0.002812,23.0,6.0,0.0,anginc_corr,ass_5_15,Apr,comment,50,ACl,1.0,8,32.758,0.0588052,1,3.17701292,45,2477912.0,-1422951985.0,5.63713,0.883,43.70463485855052,75.86302874941119,8.765245203316102,3.369879251873467,2.601056164977753,4.448995437007142,2.4931564667585127
32908,20120908021652840.EFJA.0.5-5.fb1,EFJA,65.0336,-16.9621,2012-09-08 02:16:52.840,2012,252.095,65.0712,-16.8169,8.02173,2.1,-12345,-12345,43.115,13.9,15.552979,6.16522,0.0975,0.004687,9.0,6.75,0.0,anginc_corr,ass_5_15,Apr,comment,50,ACl,0.5,5,34.115,0.0588052,1,6.09668112,38,21939250.0,-1347070985.0,4.18648,0.883,44.04053114684838,74.8514502977008,8.764874594093685,3.3830206915874608,2.5908427388248767,2.8814414998606708,2.4343431993892874
32909,20140828120412500.EFJA.1-8.fb1,EFJA,65.0336,-16.9621,2014-08-28 12:04:12.500,2014,240.503,65.0149,-16.6532,14.7097,1.4,-12345,-12345,68.225,13.9,15.984941,4.94663,0.37,0.005,-61.0,7.0,0.0,anginc_corr,ass_5_15,Apr,comment,50,ACl,1.0,8,50.775,0.0588052,1,3.38494754,43,204395.4,-1409226985.0,2.14844,0.883,36.48581229562035,42.01465272644645,16.499753091745475,5.637276878894388,2.926901311787526,6.5563991979384895,3.6788489620096056
32910,20140920140836820.EFJA.4-10.fb1,EFJA,65.0336,-16.9621,2014-09-20 14:08:36.820,2014,263.589,65.0757,-16.817,8.29255,1.9,-12345,-12345,55.343,13.9,15.611248,3.09857,0.1425,0.005625,7.0,7.75,0.0,anginc_corr,ass_5_15,Apr,comment,50,ACl,4.0,10,48.343,0.0588052,1,2.38087106,41,35047.83,-1411221985.0,5.01052,0.883,44.396135921587366,68.05265736088775,9.037031925312943,3.498287097396568,2.5832733774304346,4.0717337739877735,2.373176597421338
32911,20120824160809960.EFJA.3-8.fb1,EFJA,65.0336,-16.9621,2012-08-24 16:08:09.960,2012,237.672,65.022,-16.6723,13.7192,2.1,-12345,-12345,40.171,14.7,15.676085,3.23073,0.16125,0.005625,70.0,6.5,0.0,anginc_corr,ass_5_15,Apr,comment,50,ACl,3.0,8,29.829,0.0588052,1,4.1624155,25,23721.94,-1345824985.0,4.27989,0.883,36.5168574707098,55.7154418184551,15.243783381064066,5.15952040705116,2.954496189264305,3.124527698403768,3.663413323443924
32912,20140922040858300.EFJA.4-10.fb1,EFJA,65.0336,-16.9621,2014-09-22 04:08:58.300,2014,265.173,65.074,-16.7277,11.9229,3.1,-12345,-12345,114.523,14.5,15.38184,3.40344,0.06,0.002812,56.0,9.25,0.0,anginc_corr,ass_5_16,Apr,comment,50,ACl,4.0,10,58.523,0.0588052,1,8.09544373,22,38069.34,-1411358985.0,7.29338,0.883,36.51927587554414,66.41606726843489,13.19007603693275,4.460549631063508,2.9570517375429137,1.34506487234205,3.6622111541907714
32913,20121028005708140.EFJA.4-10.fb1,EFJA,65.0336,-16.9621,2012-10-28 00:57:08.140,2012,302.04,65.0454,-16.545,19.6951,0.8,-12345,-12345,157.756,14.7,15.29137,3.18856,0.0825,0.004687,3.0,6.25,0.0,anginc_corr,ass_5_15,Apr,comment,50,ACl,4.0,10,25.244,0.0588052,1,12.5877562,17,1538.822,-1351385985.0,7.40132,0.883,34.69263251346924,37.50958976524503,22.14917737276344,7.290010910592163,3.0382913886426914,1.1316493172927269,4.494740013532267
32914,20140830101025320.EFJA.4-10.fb1,EFJA,65.0336,-16.9621,2014-08-30 10:10:25.320,2014,242.424,65.0999,-16.83,9.66411,2.3,-12345,-12345,17.763,14.7,15.371186,3.63826,0.21375,0.004687,84.0,9.25,0.0,anginc_corr,ass_5_15,Apr,comment,50,ACl,4.0,10,66.237,0.0588052,1,4.61153984,18,108448.0,-1409392985.0,6.48871,0.883,36.84464954499795,58.27191013244715,11.104016693353804,3.919691367833249,2.832880360040171,5.449187309786652,3.50081402227372
32915,20130621234025660.EFJA.3-8.fb1,EFJA,65.0336,-16.9621,2013-06-21 23:40:25.660,2013,172.986,65.091,-16.8043,9.80362,2.4,-12345,-12345,177.899,14.7,15.360616,5.62577,0.20625,0.001875,-48.0,6.25,0.0,anginc_corr,ass_5_15,Apr,comment,50,ACl,3.0,8,45.899,0.0588052,1,13.1137114,24,833.5893,-1371857985.0,5.44085,0.883,36.83908440443686,59.2502518297324,11.219786348619664,3.944293514627274,2.844561721132436,5.225503711761803,3.503568787881708
32916,20121030031602580.EFJA.3-8.fb1,EFJA,65.0336,-16.9621,2012-10-30 03:16:02.580,2012,304.136,65.0149,-16.6807,13.4247,2.0,-12345,-12345,36.806,14.7,15.683277,4.40322,0.11625,0.004687,70.0,8.25,0.0,anginc_corr,ass_5_16,Apr,comment,50,ACl,3.0,8,33.194,0.0588052,1,3.1111095,27,4771.13,-1351566985.0,4.48803,0.883,36.58436463740758,54.95017837322056,14.974020167143768,5.093815288487596,2.9396472622370458,2.281882255483936,3.629870184158172
32917,20150203194549420.EFJA.3-8.fb1,EFJA,65.0336,-16.9621,2015-02-03 19:45:49.420,2015,34.8234,65.0901,-16.798,9.97046,2.1,-12345,-12345,39.014,14.099999,15.268885,6.64838,0.02625,0.000937,12.0,2.75,0.0,anginc_corr,ass_5_15,Apr,comment,50,ACl,3.0,8,27.014,0.0588052,1,36.6747437,28,15297.8,-1422992985.0,7.00955,0.883,42.91996825770179,71.00503643715018,10.801122989367656,4.047552118828148,2.668556864066969,0.6485333162743245,2.668427423029451
32918,20150213003943900.EFJA.4-10.fb1,EFJA,65.0336,-16.9621,2015-02-13 00:39:43.900,2015,44.0275,65.0927,-16.8341,8.93234,1.1,-12345,-12345,98.335,14.099999,15.28821,4.8486,0.135,0.004687,41.0,9.0,0.0,anginc_corr,ass_5_15,Apr,comment,50,ACl,4.0,10,57.335,0.0588052,1,2.54914975,28,11154.37,-1423787985.0,6.02948,0.883,44.96795456082838,50.93773252369356,9.874796922500952,3.913864976031349,2.5230295329487773,3.4482505303436994,2.277188133581655
32919,20130621102141760.EFJA.1-8.fb1,EFJA,65.0336,-16.9621,2013-06-21 10:21:41.760,2013,172.432,65.1008,-16.8342,9.61343,1.4,-12345,-12345,77.539,13.9,15.573735,9.59091,0.02625,0.002812,50.0,8.0,0.0,anginc_corr,ass_5_16,Apr,comment,50,ACl,1.0,8,27.539,0.0588052,1,4.7241497,52,37457.19,-1371809985.0,5.35511,0.883,43.85770704360774,51.25218927864316,10.546050198212548,4.066696015613287,2.5932723168201024,0.645480421354705,2.4662326923408973
32920,20120825081434060.EFJA.3-8.fb1,EFJA,65.0336,-16.9621,2012-08-25 08:14:34.060,2012,238.343,65.0203,-16.6702,13.8394,2.0,-12345,-12345,35.515,14.7,15.478063,3.76348,0.36,0.006563,-76.0,7.0,0.0,anginc_corr,ass_5_15,Apr,comment,50,ACl,3.0,8,68.485,0.0588052,1,3.72264576,25,1722.793,-1345881985.0,6.81361,0.883,36.521224719602685,54.829048304606985,15.391882100720707,5.21486062611598,2.9515423717439897,6.895143298543616,3.6612424270953374
32921,20140904003815020.EFJA.4-10.fb1,EFJA,65.0336,-16.9621,2014-09-04 00:38:15.020,2014,247.026,65.0687,-16.5343,20.522,0.9,-12345,-12345,35.088,14.099999,15.494781,3.33226,0.1575,0.005625,-25.0,9.5,0.0,anginc_corr,ass_5_15,Apr,comment,50,ACl,4.0,10,60.088,0.0588052,1,3.35882831,27,497464.3,-1409790985.0,6.96791,0.883,34.44225738123714,37.6388751343437,22.992329000094365,7.486424473272336,3.071202959728031,2.103575305011418,4.618493419053636
32922,20140919214419200.EFJA.4-10.fb1,EFJA,65.0336,-16.9621,2014-09-19 21:44:19.200,2014,262.906,65.0586,-16.8615,5.50105,3.5,-12345,-12345,46.488,14.3,15.338958,6.40309,0.08625,0.000937,17.0,3.25,0.0,anginc_corr,ass_5_15,Apr,comment,50,ACl,4.0,10,29.488,0.0588052,1,21.5828266,29,70925.39,-1411162985.0,6.63504,0.883,36.75458522154553,93.7466682261678,6.712102393924894,2.52259136959322,2.660796542329903,3.418104439198544,3.5
32923,20141213233450760.EFJA.4-10.fb1,EFJA,65.0336,-16.9621,2014-12-13 23:34:50.760,2014,347.982,65.0838,-16.8,9.46492,2.1,-12345,-12345,171.552,13.9,15.412384,8.02091,0.15,0.016875,12.0,3.75,0.0,anginc_corr,ass_5_16,Apr,comment,50,ACl,4.0,10,20.448,0.0588052,1,14.424902,34,64556.5,-1418513985.0,8.09488,0.883,43.23633956243386,72.01684720018476,10.26935956843328,3.876765624009196,2.6489503272609807,3.867757719469012,2.596202963554539
32924,20120916090150660.EFJA.1-8.fb1,EFJA,65.0336,-16.9621,2012-09-16 09:01:50.660,2012,260.376,65.0685,-16.8212,7.69651,2.5,-12345,-12345,81.735,13.9,15.402268,4.49538,0.0975,0.001875,40.0,6.75,0.0,anginc_corr,ass_5_15,Apr,comment,50,ACl,1.0,8,41.735,0.0588052,1,4.43288326,45,593639.5,-1347785985.0,7.11638,0.883,43.22654371043752,82.7200274367678,8.457867165013138,3.2422792829331466,2.608617712093475,3.006464260234054,2.5984193313458075
32925,20121026114209900.EFJA.1-8.fb1,EFJA,65.0336,-16.9621,2012-10-26 11:42:09.900,2012,300.488,65.0757,-16.7979,9.05062,2.4,-12345,-12345,36.848,13.9,15.760798,3.32822,0.13125,0.00375,2.0,7.25,0.0,anginc_corr,ass_5_15,Apr,comment,50,ACl,1.0,8,34.848,0.0588052,1,3.16851401,47,505232.6,-1351251985.0,3.81836,0.883,42.84051350081712,77.06845336478519,9.8455186735365,3.7062575386157337,2.656458319735046,3.5401985616879017,2.686724426266969
32926,20140830034416500.EFJA.1-8.fb1,EFJA,65.0336,-16.9621,2014-08-30 03:44:16.500,2014,242.156,65.1215,-16.8131,12.0485,1.3,-12345,-12345,85.183,14.099999,15.371892,4.67691,0.1575,0.008437,17.0,8.25,0.0,anginc_corr,ass_5_15,Apr,comment,50,ACl,1.0,8,68.183,0.0588052,1,2.7335732,51,413215.3,-1409369985.0,8.10429,0.883,36.80295153946032,41.98555447311996,13.857028141999804,4.885929054958308,2.836109158797036,3.22270552886863,3.521459567433996
32927,20121030064943500.EFJA.3-8.fb1,EFJA,65.0336,-16.9621,2012-10-30 06:49:43.500,2012,304.284,65.0463,-16.5407,19.9014,0.9,-12345,-12345,177.806,14.7,15.656728,3.32393,0.07875,0.004687,21.0,4.75,0.0,anginc_corr,ass_5_15,Apr,comment,50,ACl,3.0,8,23.194,0.0588052,1,10.018218,26,2044.89,-1351579985.0,4.57115,0.883,34.63910368831178,37.860299574105646,22.32258450756761,7.312195155338206,3.0527883943676195,1.07693674724203,4.52059290831995
32928,20121027055848740.EFJA.3-8.fb1,EFJA,65.0336,-16.9621,2012-10-27 05:58:48.740,2012,301.249,65.0194,-16.6702,13.8508,2.0,-12345,-12345,51.034,14.3,15.701576,3.22364,0.375,0.032812,23.0,5.75,0.0,anginc_corr,ass_5_15,Apr,comment,50,ACl,3.0,8,28.034,0.0588052,1,4.75931263,28,5310.31,-1351317985.0,4.27989,0.883,36.51937736239707,54.82550824958211,15.403485149133072,5.21821386924853,2.951869266974164,7.177112595857693,3.662160706728093
32929,20121025065511960.EFJA.3-8.fb1,EFJA,65.0336,-16.9621,2012-10-25 06:55:11.960,2012,299.288,65.0489,-16.4982,21.9178,1.1,-12345,-12345,7.67,13.9,15.585135,3.79647,0.13125,0.02625,42.0,9.5,0.0,anginc_corr,ass_5_15,Apr,comment,50,ACl,3.0,8,34.33,0.0588052,1,6.84459829,29,433126.5,-1351147985.0,4.62372,0.883,33.8224674760747,37.70226965733231,24.461648198989067,7.802699949391727,3.1350235633366905,1.6819910785571324,4.934863850652971
32930,20141025141617580.EFJA.4-10.fb1,EFJA,65.0336,-16.9621,2014-10-25 14:16:17.580,2014,298.594,65.0856,-16.7979,9.66394,1.9,-12345,-12345,64.976,14.3,15.437914,3.78371,0.09,0.001875,31.0,9.0,0.0,anginc_corr,ass_5_15,Apr,comment,50,ACl,4.0,10,33.976,0.0588052,1,7.13963556,24,371880.0,-1414246985.0,6.35061,0.883,43.43048600571415,65.70391547628817,10.485130170530066,3.969798920890094,2.6412245001515413,2.266826107994291,2.552434247857102
32931,20121008205748480.EFJA.4-10.fb1,EFJA,65.0336,-16.9621,2012-10-08 20:57:48.480,2012,282.873,65.0364,-16.7063,12.0572,1.1,-12345,-12345,65.105,14.5,15.477919,3.23596,0.21375,0.0075,41.0,5.25,0.0,anginc_corr,ass_5_16,Apr,comment,50,ACl,4.0,10,24.105,0.0588052,1,4.37227535,33,507.3719,-1349729985.0,5.35714,0.883,36.81305568911606,41.17384922454529,13.943213016613424,4.952440083167192,2.815422858724712,4.314046084656553,3.516455761251064
32932,20120925035334680.EFJA.4-10.fb1,EFJA,65.0336,-16.9621,2012-09-25 03:53:34.680,2012,269.162,65.0139,-16.7762,9.03445,1.9,-12345,-12345,83.331,14.5,15.895888,6.81718,0.135,0.0025,-52.0,3.5,0.0,anginc_corr,ass_5_15,Apr,comment,50,ACl,4.0,10,44.669,0.0588052,1,14.7710915,27,778.588,-1348544985.0,3.07617,0.883,43.66419679445414,66.25562655810033,9.835186551724068,3.7539093330229,2.619985108645156,3.595088940218716,2.500352366605977
32933,20141007214154260.EFJA.3-8.fb1,EFJA,65.0336,-16.9621,2014-10-07 21:41:54.260,2014,280.904,65.0766,-16.8,9.01753,2.9,-12345,-12345,24.366,14.3,15.604351,4.87791,0.12,0.0075,3.0,8.75,0.0,anginc_corr,ass_5_15,Apr,comment,50,ACl,3.0,8,21.366,0.0588052,1,4.4560585,25,891537.8,-1412717985.0,5.22727,0.883,36.83543599847312,63.76674522004595,10.303538802682612,3.627602402328725,2.8403164569712205,3.307065566915668,3.505374871409256
32934,20140709162039400.EFJA.4-10.fb1,EFJA,65.0336,-16.9621,2014-07-09 16:20:39.400,2014,190.681,65.0113,-16.6913,13.0033,2.1,-12345,-12345,49.274,13.9,15.379273,5.52993,0.02625,0.00375,28.0,4.75,0.0,anginc_corr,ass_5_16,Apr,comment,50,ACl,4.0,10,21.274,0.0588052,1,5.04854536,45,1675.964,-1404922985.0,5.85938,0.883,36.62297106791216,55.92608118351571,14.517564609996478,4.948804738010457,2.9335496909972854,0.5304273809883853,3.610700495178436
32935,20140830204413020.EFJA.4-10.fb1,EFJA,65.0336,-16.9621,2014-08-30 20:44:13.020,2014,242.864,65.0409,-16.4961,21.9677,3.1,-12345,-12345,54.142,14.099999,15.401823,3.00905,0.02625,0.00375,30.0,9.75,0.0,anginc_corr,ass_5_15,Apr,comment,50,ACl,4.0,10,24.142,0.0588052,1,5.03473997,26,196222.9,-1409430985.0,4.57115,0.883,33.55654211752477,58.35105895361735,23.823058697195872,7.309229730975525,3.259311798100555,0.359133811969059,5.111598683481008
32936,20121009212122220.EFJA.4-10.fb1,EFJA,65.0336,-16.9621,2012-10-09 21:21:22.220,2012,283.89,65.0122,-16.7041,12.3953,2.0,-12345,-12345,71.434,13.9,15.432067,4.69835,0.02625,0.00375,45.0,7.75,0.0,anginc_corr,ass_5_15,Apr,comment,50,ACl,4.0,10,26.434,0.0588052,1,3.9187963,37,6454.305,-1349817985.0,7.61719,0.883,36.71330892675182,55.19838152940315,13.926746528434794,4.788169591272886,2.908574197918606,0.5482220766282353,3.5658815362266134
32937,20150203062029980.EFJA.3-8.fb1,EFJA,65.0336,-16.9621,2015-02-03 06:20:29.980,2015,34.2641,65.0686,-16.8148,7.95732,2.3,-12345,-12345,75.642,13.9,15.703468,4.55537,0.0675,0.002812,33.0,7.5,0.0,anginc_corr,ass_5_15,Apr,comment,50,ACl,3.0,8,42.642,0.0588052,1,6.62822771,28,42490.34,-1422943985.0,4.2387,0.883,43.59488072874336,77.98141415677973,8.712987597039048,3.3448748640570205,2.604876998738006,2.017807302475205,2.515777192516187
32938,20150123012219600.EFJA.4-10.fb1,EFJA,65.0336,-16.9621,2015-01-23 01:22:19.600,2015,23.0571,65.0203,-16.6659,14.0382,2.0,-12345,-12345,24.471,14.5,15.361712,3.97336,0.02625,0.004687,-42.0,7.5,0.0,anginc_corr,ass_5_15,Apr,comment,50,ACl,4.0,10,66.471,0.0588052,1,7.2071805,27,3074.021,-1421975985.0,7.50812,0.883,36.48771240672684,54.76486435570899,15.59765163075314,5.274262235386005,2.957314394818217,0.4976968583264352,3.677904050354674
32939,20140830054340640.EFJA.1-5.fb1,EFJA,65.0336,-16.9621,2014-08-30 05:43:40.640,2014,242.239,65.031,-16.5216,20.757,2.9,-12345,-12345,166.052,14.7,15.818847,3.15328,0.075,0.010312,7.0,7.25,0.0,anginc_corr,ass_5_15,Apr,comment,50,ACl,1.0,5,20.948,0.0588052,1,7.07988644,22,1341072.0,-1409376985.0,3.51562,0.883,33.68477214569271,56.08120507581465,22.640992860452965,7.01287520243277,3.228489343799928,1.0694309171412897,5.010279356140091
32940,20120729201714540.EFJA.3-8.fb1,EFJA,65.0336,-16.9621,2012-07-29 20:17:14.540,2012,211.845,65.022,-16.6723,13.7192,2.0,-12345,-12345,118.928,14.7,15.701962,3.16111,0.07125,0.00375,-18.0,9.0,0.0,anginc_corr,ass_5_15,Apr,comment,50,ACl,3.0,8,43.072,0.0588052,1,6.18279409,22,6510.618,-1343592985.0,3.86719,0.883,36.54009355713132,54.86521924316107,15.271488067580565,5.180041608355197,2.9481400386723284,1.3754065260343395,3.651864409021935
32941,20120903005150780.EFJA.3-8.fb1,EFJA,65.0336,-16.9621,2012-09-03 00:51:50.780,2012,247.036,65.0471,-16.7233,11.3496,1.3,-12345,-12345,29.514,14.5,15.589655,5.18992,0.14625,0.0075,-37.0,8.25,0.0,anginc_corr,ass_5_15,Apr,comment,50,ACl,3.0,8,66.514,0.0588052,1,6.14249945,23,22161.93,-1346632985.0,4.51061,0.883,36.83494878297187,42.02404613369803,13.146657912089276,4.675316437309483,2.8119290080940096,3.127365651391756,3.5056160659718723
32942,20120908022138120.EFJA.4-10.fb1,EFJA,65.0336,-16.9621,2012-09-08 02:21:38.120,2012,252.098,65.0703,-16.8191,7.8844,2.0,-12345,-12345,100.903,13.9,15.370613,10.6371,0.09,0.000937,46.0,4.5,0.0,anginc_corr,ass_5_15,Apr,comment,50,ACl,4.0,10,54.903,0.0588052,1,9.05399036,37,24833.22,-1347070985.0,7.11638,0.883,44.50314130743313,74.32262168199277,8.603473658665239,3.3439233437793408,2.572868087622336,2.6909620190622263,2.354959328332071
32943,20150201021922760.EFJA.4-10.fb1,EFJA,65.0336,-16.9621,2015-02-01 02:19:22.760,2015,32.0966,65.0695,-16.8084,8.26834,2.3,-12345,-12345,26.384,13.9,15.379182,3.45163,0.12375,0.00375,-1.0,5.5,0.0,anginc_corr,ass_5_15,Apr,comment,50,ACl,4.0,10,27.384,0.0588052,1,4.64491606,37,10696.61,-1422756985.0,5.46177,0.883,43.47254086022093,77.39150779695598,9.03270314944874,3.4513726504968765,2.617133547763481,3.58437829657845,2.54304727205798
32944,20120908021016400.EFJA.1-8.fb1,EFJA,65.0336,-16.9621,2012-09-08 02:10:16.400,2012,252.09,65.0703,-16.8169,7.97026,2.2,-12345,-12345,82.319,13.9,15.32313,3.7037,0.0975,0.001875,35.0,6.5,0.0,anginc_corr,ass_5_15,Apr,comment,50,ACl,1.0,8,47.319,0.0588052,1,5.92948389,37,239045.7,-1347069985.0,7.11638,0.883,43.74078596306099,76.01394560664096,8.722787801910306,3.356172987904052,2.5990280695744867,2.904481907350487,2.4867916547456987
32945,20150116094055820.EFJA.3-8.fb1,EFJA,65.0336,-16.9621,2015-01-16 09:40:55.820,2015,16.4033,65.0658,-16.8212,7.55024,2.7,-12345,-12345,173.566,13.9,15.410617,5.00761,0.10125,0.00375,39.0,5.75,0.0,anginc_corr,ass_5_16,Apr,comment,50,ACl,3.0,8,45.434,0.0588052,1,3.94093037,41,51455.09,-1421400985.0,7.21875,0.883,42.61214074450837,85.3943104142509,8.34622791532756,3.185325705140788,2.620211773589624,3.1778363400803755,2.73987498465719
32946,20120725015810840.EFJA.3-8.fb1,EFJA,65.0336,-16.9621,2012-07-25 01:58:10.840,2012,207.082,65.0185,-16.6702,13.863,1.9,-12345,-12345,34.635,14.5,15.459256,4.42357,0.14625,0.005625,2.0,8.0,0.0,anginc_corr,ass_5_15,Apr,comment,50,ACl,3.0,8,32.635,0.0588052,1,4.59178543,20,23770.91,-1343180985.0,6.16587,0.883,36.53917602238478,52.12255378341637,15.44549496877514,5.24373987292285,2.945511284518744,2.78849778150203,3.6523203808750937
32947,20120928134000620.EFJA.4-10.fb1,EFJA,65.0336,-16.9621,2012-09-28 13:40:00.620,2012,272.569,65.1395,-16.5021,24.6452,3.9,-12345,-12345,79.678,14.5,15.333452,3.09488,0.11625,0.002812,35.0,5.75,0.0,anginc_corr,ass_5_15,Apr,comment,50,ACl,4.0,10,44.678,0.0588052,1,4.80134439,25,1034.382,-1348839985.0,6.35061,0.883,33.07382525367313,68.0447104478694,26.46102487591927,7.933592777186425,3.335314228883755,1.4652095716741087,5.501614799987692
32948,20120924232151600.EFJA.4-10.fb1,EFJA,65.0336,-16.9621,2012-09-24 23:21:51.600,2012,268.973,65.1009,-16.7917,10.9834,3.1,-12345,-12345,163.175,13.9,15.38644,3.73363,0.02625,0.000937,24.0,9.25,0.0,anginc_corr,ass_5_15,Apr,comment,50,ACl,4.0,10,40.825,0.0588052,1,6.11626434,44,232.9453,-1348528985.0,6.63504,0.883,36.65042677167951,66.82477741012512,12.244133436104605,4.184750740113872,2.9258931287676715,0.6272713338489666,3.597073442870201
32949,20121006020842080.EFJA.2-6.fb1,EFJA,65.0336,-16.9621,2012-10-06 02:08:42.080,2012,280.089,65.0149,-16.6617,14.314,2.1,-12345,-12345,41.347,14.7,15.596198,3.18396,0.16875,0.00375,17.0,3.25,0.0,anginc_corr,ass_5_15,Apr,comment,50,ACl,2.0,6,24.347,0.0588052,1,15.2427292,27,3432.967,-1349488985.0,4.35632,0.883,36.41305039126708,55.51019686296283,15.850402742576534,5.334242491731485,2.971443980498817,3.162732114915912,3.7150503628267497
32950,20140903144636340.EFJA.4-10.fb1,EFJA,65.0336,-16.9621,2014-09-03 14:46:36.340,2014,246.616,65.0829,-16.8128,8.925,3.1,-12345,-12345,74.354,14.3,15.403093,5.69298,0.0975,0.004687,41.0,6.5,0.0,anginc_corr,ass_5_15,Apr,comment,50,ACl,4.0,10,33.354,0.0588052,1,4.34073019,36,472000.5,-1409755985.0,6.35061,0.883,36.82279765503134,67.3714471654311,10.172169542343042,3.573424057820364,2.84661696394008,2.727967882171356,3.511631942068429
32951,20140828173155820.EFJA.4-10.fb1,EFJA,65.0336,-16.9621,2014-08-28 17:31:55.820,2014,240.73,65.0337,-16.5853,17.7543,-0.7,-12345,-12345,129.449,14.5,15.294101,4.2933,0.02625,0.002812,66.0,6.5,0.0,anginc_corr,ass_5_16,Apr,comment,50,ACl,4.0,10,63.449,0.0588052,1,8.55451488,22,146856.2,-1409246985.0,7.06092,0.883,36.2006723284302,34.17741088244269,20.614311423874884,7.334197331275016,2.8107113147842155,0.357911230753416,3.8209091348267945
32952,20140822093729780.EFJA.4-10.fb1,EFJA,65.0336,-16.9621,2014-08-22 09:37:29.780,2014,234.401,65.022,-16.668,13.9182,2.1,-12345,-12345,39.577,14.099999,15.463723,8.57354,0.02625,0.001875,-29.0,3.75,0.0,anginc_corr,ass_5_15,Apr,comment,50,ACl,4.0,10,68.577,0.0588052,1,24.6964417,38,873.1658,-1408699985.0,7.42188,0.883,36.483143452108045,55.64869548633978,15.449783163984002,5.218990856068515,2.960300868513569,0.502967617842387,3.680176197925328
32953,20140828215829920.EFJA.0.2-3.fb1,EFJA,65.0336,-16.9621,2014-08-28 21:58:29.920,2014,240.916,65.0274,-16.4983,21.8666,0.5,-12345,-12345,144.897,14.7,17.950001,3.05102,0.1375,0.017188,-2.0,7.25,0.0,anginc_corr,ass_5_24,Apr,comment,50,ACl,0.2,3,33.103,0.0588052,1,2.79677224,36,9293522.0,-1409262985.0,0.868055,0.883,34.0337033057344,35.59147550356011,24.64921299168793,8.012379689589155,3.076391028212974,1.715968082493191,4.825655827279354
32954,20121026213540360.EFJA.0.5-5.fb1,EFJA,65.0336,-16.9621,2012-10-26 21:35:40.360,2012,300.9,65.0454,-16.5428,19.7949,0.7,-12345,-12345,155.711,13.9,17.123335,3.04032,0.10625,0.015625,5.0,8.75,0.0,anginc_corr,ass_5_17,Apr,comment,50,ACl,0.5,5,29.289,0.0588052,1,2.75487757,34,11603260.0,-1351286985.0,1.20192,0.883,34.680686925499536,37.087855244870745,22.304723774481705,7.356345567026991,3.032038608199313,1.444255961411045,4.500018847211551
32955,20120908020257100.EFJA.0.2-3.fb1,EFJA,65.0336,-16.9621,2012-09-08 02:02:57.100,2012,252.085,65.0686,-16.8191,7.78317,2.1,-12345,-12345,46.489,13.9,15.634519,4.71422,0.08625,0.004687,11.0,5.75,0.0,anginc_corr,ass_5_15,Apr,comment,50,ACl,0.2,3,35.489,0.0588052,1,7.86500549,33,183401200.0,-1347069985.0,3.50477,0.883,44.25229905210453,75.68107442132886,8.51263926925824,3.301061115833817,2.5787584569175808,2.612350450830548,2.3977569261704765
32956,20120926174707660.EFJA.4-10.fb1,EFJA,65.0336,-16.9621,2012-09-26 17:47:07.660,2012,270.741,65.0775,-16.817,8.40675,3.0,-12345,-12345,68.989,13.9,15.455324,5.63605,0.09375,0.000937,36.0,4.75,0.0,anginc_corr,ass_5_15,Apr,comment,50,ACl,4.0,10,32.989,0.0588052,1,5.93188667,49,2800.173,-1348681985.0,6.35061,0.883,36.84408781054252,64.73723931350465,9.674012499571916,3.432388028825402,2.818449551253814,2.730825329631159,3.5010920738553164
32957,20140831001656640.EFJA.3-8.fb1,EFJA,65.0336,-16.9621,2014-08-31 00:16:56.640,2014,243.012,65.0927,-16.8469,8.53702,2.7,-12345,-12345,125.459,14.099999,15.626057,3.41188,0.165,0.00375,74.0,6.25,0.0,anginc_corr,ass_5_15,Apr,comment,50,ACl,3.0,8,51.459,0.0588052,1,3.66055751,33,261545.0,-1409443985.0,4.76722,0.883,37.43772898215745,63.50696671150945,9.813904251383931,3.516382676752857,2.790909054428176,4.689742022654286,3.429205809398513
32958,20121014031118020.EFJA.1-8.fb1,EFJA,65.0336,-16.9621,2012-10-14 03:11:18.020,2012,288.133,65.0703,-16.8191,7.8844,2.2,-12345,-12345,88.222,14.099999,15.370613,3.66179,0.09375,0.00375,36.0,7.75,0.0,anginc_corr,ass_5_15,Apr,comment,50,ACl,1.0,8,52.222,0.0588052,1,4.193295,40,81042.62,-1350183985.0,7.06169,0.883,43.81915512754865,76.34639577000401,8.628822127650626,3.3257683040744594,2.594534958156676,2.8183377481255434,2.4730070698296265
32959,20140906160853720.EFJA.3-8.fb1,EFJA,65.0336,-16.9621,2014-09-06 16:08:53.720,2014,249.673,65.1134,-16.8386,10.6257,1.0,-12345,-12345,155.316,14.7,15.30598,4.44511,0.39,0.000937,17.0,4.25,0.0,anginc_corr,ass_5_15,Apr,comment,50,ACl,3.0,8,41.684,0.0588052,1,8.52507019,22,223804.8,-1410019985.0,6.7029,0.883,43.56987806042463,48.68397367119287,11.732799049714744,4.530778308186355,2.589576944984385,8.591906734844557,2.521345895419815
32960,20150201104322660.EFJA.4-10.fb1,EFJA,65.0336,-16.9621,2015-02-01 10:43:22.660,2015,32.4467,65.0721,-16.8106,8.33031,2.3,-12345,-12345,45.972,14.7,15.42706,3.07411,0.11625,0.002812,17.0,6.0,0.0,anginc_corr,ass_5_15,Apr,comment,50,ACl,4.0,10,28.972,0.0588052,1,7.00695467,21,12650.38,-1422786985.0,6.04839,0.883,43.44761713204125,77.2744877577641,9.089557571904136,3.4702004253010434,2.6193177505347136,3.349011285092729,2.5486096572300143
32961,20120824162105400.EFJA.4-10.fb1,EFJA,65.0336,-16.9621,2012-08-24 16:21:05.400,2012,237.681,65.0212,-16.6765,13.5303,2.2,-12345,-12345,25.971,14.7,15.35495,3.13845,0.2475,0.004687,75.0,5.5,0.0,anginc_corr,ass_5_15,Apr,comment,50,ACl,4.0,10,49.029,0.0588052,1,4.93481779,22,416.5378,-1345824985.0,6.62365,0.883,36.523039652459566,56.64389656444349,15.025284049045586,5.084229188084596,2.9552727647012564,4.865113999466786,3.660340286226901
32962,20140911115312460.EFJA.4-10.fb1,EFJA,65.0336,-16.9621,2014-09-11 11:53:12.460,2014,254.495,65.0757,-16.8149,8.3754,3.0,-12345,-12345,115.721,14.099999,15.465578,4.27062,0.09,0.001875,61.0,10.0,0.0,anginc_corr,ass_5_15,Apr,comment,50,ACl,4.0,10,54.721,0.0588052,1,4.47202349,32,222587.5,-1410435985.0,7.00555,0.883,36.84451797888743,64.73845589361456,9.64043408759012,3.422377854974783,2.81688185703304,2.629296036803908,3.500879145681872
32963,20140903230828480.EFJA.4-10.fb1,EFJA,65.0336,-16.9621,2014-09-03 23:08:28.480,2014,246.964,65.0723,-16.5343,20.6012,0.9,-12345,-12345,68.191,13.9,15.398918,3.27727,0.12,0.017812,47.0,7.0,0.0,anginc_corr,ass_5_15,Apr,comment,50,ACl,4.0,10,21.191,0.0588052,1,5.50963736,35,35323.76,-1409785985.0,5.44085,0.883,34.41479245583425,37.607991963013646,23.07890477769727,7.508608445466068,3.073659379805993,1.5980636019264691,4.632263244265441
32964,20120908021748720.EFJA.4-10.fb1,EFJA,65.0336,-16.9621,2012-09-08 02:17:48.720,2012,252.096,65.0739,-16.8106,8.43454,2.3,-12345,-12345,168.376,13.9,15.451626,3.58907,0.1575,0.021562,57.0,5.75,0.0,anginc_corr,ass_5_16,Apr,comment,50,ACl,4.0,10,68.624,0.0588052,1,4.83713627,40,70798.94,-1347070985.0,8.60253,0.883,43.39790677977218,77.04405492255809,9.198076462997909,3.50605209382326,2.6234853952120387,4.489968104335418,2.559710673941572
32965,20141225054118480.EFJA.4-10.fb1,EFJA,65.0336,-16.9621,2014-12-25 05:41:18.480,2014,359.237,65.0838,-16.7979,9.546,2.1,-12345,-12345,75.211,14.099999,15.531522,5.38344,0.10875,0.004687,31.0,8.75,0.0,anginc_corr,ass_5_15,Apr,comment,50,ACl,4.0,10,44.211,0.0588052,1,4.15812397,23,175604.9,-1419485985.0,6.04839,0.883,43.18802764238536,71.85915804346573,10.353079940152162,3.903861447385383,2.652010087880079,2.785163145721014,2.607137266033103
32966,20120908030350760.EFJA.4-10.fb1,EFJA,65.0336,-16.9621,2012-09-08 03:03:50.760,2012,252.127,65.0739,-16.817,8.18162,2.2,-12345,-12345,31.268,13.9,15.38184,9.1221,0.12,0.0,-9.0,5.75,0.0,anginc_corr,ass_5_16,Apr,comment,50,ACl,4.0,10,40.268,0.0588052,1,8.39316463,41,6406.523,-1347072985.0,7.36607,0.883,43.65211998095795,75.64641002225959,8.938221922455558,3.427875067584032,2.607510993320775,3.49963914123066,2.5030373290028143
32967,20140830190416180.EFJA.2-6.fb1,EFJA,65.0336,-16.9621,2014-08-30 19:04:16.180,2014,242.794,65.0757,-16.8382,7.48719,2.1,-12345,-12345,51.172,14.099999,15.391908,5.11396,0.06,0.002812,18.0,5.5,0.0,anginc_corr,ass_5_15,Apr,comment,50,ACl,2.0,6,33.172,0.0588052,1,8.70606995,48,17352.48,-1409424985.0,3.89648,0.883,44.50442837146949,76.73051064577548,8.202037727219679,3.1991762110820305,2.563796798315643,1.875317919851227,2.3547421854712924
32968,20120725222958260.EFJA.1-8.fb1,EFJA,65.0336,-16.9621,2012-07-25 22:29:58.260,2012,207.937,64.976,-16.9051,6.9586,4.1,-12345,-12345,119.546,13.9,15.561962,4.13579,0.06375,0.00375,9.0,3.75,0.0,anginc_corr,ass_5_15,Apr,comment,50,ACl,1.0,8,69.454,0.0588052,1,10.0354748,42,17114.42,-1343254985.0,4.62372,0.883,35.07857942993349,99.22748654063476,8.353425149351336,2.974288718735194,2.8085454840791653,2.143123481569376,4.1
32969,20150126085858220.EFJA.4-10.fb1,EFJA,65.0336,-16.9621,2015-01-26 08:58:58.220,2015,26.3742,65.0203,-16.6702,13.8394,2.2,-12345,-12345,138.508,13.9,15.464478,7.84838,0.14625,0.016875,13.0,9.0,0.0,anginc_corr,ass_5_15,Apr,comment,50,ACl,4.0,10,54.492,0.0588052,1,4.9273653,26,15536.8,-1422262985.0,7.45739,0.883,36.47182889606485,56.53896243597825,15.337673066968163,5.1744313884348045,2.964127247150069,2.825833268379085,3.685803519333642
32970,20150123010628760.EFJA.1-8.fb1,EFJA,65.0336,-16.9621,2015-01-23 01:06:28.760,2015,23.046,65.0712,-16.8148,8.10736,2.9,-12345,-12345,70.694,13.9,15.525034,8.35722,0.045,0.00375,35.0,6.25,0.0,anginc_corr,ass_5_15,Apr,comment,50,ACl,1.0,8,35.694,0.0588052,1,6.83996105,34,1377370.0,-1421974985.0,4.2387,0.883,37.48174927924569,65.56799917824924,9.333290215387525,3.357100081904463,2.780164423961052,1.340382404427487,3.424048540465445
32971,20140804085353860.EFJA.3-8.fb1,EFJA,65.0336,-16.9621,2014-08-04 08:53:53.860,2014,216.371,65.0122,-16.7083,12.1992,2.0,-12345,-12345,44.539,14.099999,15.570696,5.76445,0.30375,0.021562,14.0,9.5,0.0,anginc_corr,ass_5_15,Apr,comment,50,ACl,3.0,8,30.539,0.0588052,1,2.69564652,35,1987.609,-1407141985.0,5.46177,0.883,36.732731772411775,55.23586619181847,13.730706688881169,4.730623048305466,2.902515492922138,6.414325616165684,3.5562522331213646
32972,20121030093800100.EFJA.4-10.fb1,EFJA,65.0336,-16.9621,2012-10-30 09:38:00.100,2012,304.401,65.1018,-16.7725,11.7237,2.1,-12345,-12345,36.744,13.9,15.515678,3.60192,0.06,0.002812,11.0,7.25,0.0,anginc_corr,ass_5_16,Apr,comment,50,ACl,4.0,10,25.744,0.0588052,1,7.38691044,38,464.0261,-1351589985.0,6.49701,0.883,36.761672382930726,56.20270610768517,13.22738501087666,4.570777216966636,2.893902805364668,1.3126304926657897,3.5419088074872818
32973,20121106070306180.EFJA.4-10.fb1,EFJA,65.0336,-16.9621,2012-11-06 07:03:06.180,2012,311.294,65.0793,-16.8128,8.68577,2.1,-12345,-12345,16.62,13.9,15.396842,4.25459,0.09,0.001875,52.0,6.25,0.0,anginc_corr,ass_5_16,Apr,comment,50,ACl,4.0,10,35.38,0.0588052,1,3.45411634,53,2450.71,-1352184985.0,5.85286,0.883,43.61462623587416,73.29658769220674,9.457876135073418,3.6101678747348007,2.619788459495996,2.4925716494948347,2.5113810221154544
32974,20140830192730020.EFJA.4-10.fb1,EFJA,65.0336,-16.9621,2014-08-30 19:27:30.020,2014,242.811,65.0749,-16.7723,10.0519,2.4,-12345,-12345,159.684,14.099999,15.371892,3.11014,0.09,0.001875,11.0,7.5,0.0,anginc_corr,ass_5_15,Apr,comment,50,ACl,4.0,10,31.316,0.0588052,1,4.62177992,29,1540586.0,-1409426985.0,8.49497,0.883,36.83186363342279,59.234053907310674,11.465571037322654,4.017394823967514,2.853981632305545,2.2399767654732727,3.507143395603494
32975,20120730031218400.EFJA.3-8.fb1,EFJA,65.0336,-16.9621,2012-07-30 03:12:18.400,2012,212.133,65.0148,-16.7338,10.9636,0.9,-12345,-12345,22.587,13.9,15.493843,4.67661,0.11625,0.00375,77.0,9.25,0.0,anginc_corr,ass_5_15,Apr,comment,50,ACl,3.0,8,54.413,0.0588052,1,2.4687016,28,1509.91,-1343617985.0,4.58807,0.883,43.46518020364908,47.96858614456063,12.10793384552022,4.673199446291561,2.590930257669299,2.487204381790775,2.54468975747914
32976,20140717070944580.EFJA.3-8.fb1,EFJA,65.0336,-16.9621,2014-07-17 07:09:44.580,2014,198.298,65.0149,-16.6701,13.9186,2.0,-12345,-12345,50.117,14.7,15.418471,3.04259,0.1275,0.005625,-61.0,5.25,0.0,anginc_corr,ass_5_15,Apr,comment,50,ACl,3.0,8,68.883,0.0588052,1,8.71540833,17,37891.46,-1405580985.0,4.34028,0.883,36.50751561781802,54.80278319402372,15.477243385455653,5.239519551189502,2.953943245033208,2.433069087952333,3.668057434923704
32977,20121026080948140.EFJA.4-10.fb1,EFJA,65.0336,-16.9621,2012-10-26 08:09:48.140,2012,300.34,65.1018,-16.7172,13.8119,2.5,-12345,-12345,168.176,14.099999,15.30485,4.59901,0.02625,0.001875,-77.0,5.75,0.0,anginc_corr,ass_5_15,Apr,comment,50,ACl,4.0,10,65.176,0.0588052,1,6.88819551,43,976.9341,-1351238985.0,6.90283,0.883,36.38904686208559,59.23171785673711,15.238988600432432,5.111379841809725,2.981384493435914,0.513556568535023,3.727000339956658
32978,20140726141316600.EFJA.1-8.fb1,EFJA,65.0336,-16.9621,2014-07-26 14:13:16.600,2014,207.592,65.0686,-16.8148,7.95732,2.5,-12345,-12345,57.057,13.9,15.589478,3.73696,0.03,0.004687,28.0,6.75,0.0,anginc_corr,ass_5_15,Apr,comment,50,ACl,1.0,8,29.057,0.0588052,1,4.18011427,43,9738.451,-1406383985.0,5.03178,0.883,43.11611705151735,81.85108839713152,8.731734035313034,3.332736006973146,2.6199897072685814,0.900143072959736,2.623445566072114
32979,20120826075922420.EFJA.2-6.fb1,EFJA,65.0336,-16.9621,2012-08-26 07:59:22.420,2012,239.333,65.0212,-16.6765,13.5303,2.0,-12345,-12345,177.667,14.3,15.353749,5.60178,0.09375,0.004687,52.0,7.25,0.0,anginc_corr,ass_5_15,Apr,comment,50,ACl,2.0,6,54.333,0.0588052,1,4.5889349,28,3038.214,-1345967985.0,5.15625,0.883,36.56898228942298,54.920643817631074,15.079961074629194,5.124555675440968,2.9426865526895782,1.8292738567083688,3.637510828094973
32980,20140905003724980.EFJA.2-6.fb1,EFJA,65.0336,-16.9621,2014-09-05 00:37:24.980,2014,248.026,65.0409,-16.494,22.0677,0.3,-12345,-12345,152.208,14.099999,15.702259,3.91657,0.07125,0.005625,6.0,9.0,0.0,anginc_corr,ass_5_15,Apr,comment,50,ACl,2.0,6,33.792,0.0588052,1,4.16168165,25,327647.2,-1409877985.0,3.86186,0.883,34.008730596904,34.93893485210344,24.96040251145787,8.146889151415536,3.063795523365008,0.8745502277974992,4.83849041785801
32981,20140820194156480.EFJA.4-10.fb1,EFJA,65.0336,-16.9621,2014-08-20 19:41:56.480,2014,232.821,65.0167,-16.6829,13.2955,2.7,-12345,-12345,55.32,13.9,15.415777,3.84079,0.15,0.001875,3.0,10.0,0.0,anginc_corr,ass_5_15,Apr,comment,50,ACl,4.0,10,52.32,0.0588052,1,4.93783569,42,1051869.0,-1408563985.0,5.52357,0.883,36.42052262021237,60.93801321082299,14.665215208180918,4.925013574627614,2.977700464366694,3.0449709081665333,3.711331123120549
32982,20140906082851420.EFJA.4-10.fb1,EFJA,65.0336,-16.9621,2014-09-06 08:28:51.420,2014,249.353,65.1385,-16.7962,14.0649,1.3,-12345,-12345,26.477,14.7,15.353776,4.53742,0.12,0.00375,-40.0,7.0,0.0,anginc_corr,ass_5_15,Apr,comment,50,ACl,4.0,10,66.477,0.0588052,1,8.91396904,21,53615.41,-1409991985.0,6.43706,0.883,36.60005343918653,41.74164104876253,15.890970038392348,5.482114856505834,2.8986933791680647,2.1886741204340865,3.622078888219516
32983,20121014022340220.EFJA.4-10.fb1,EFJA,65.0336,-16.9621,2012-10-14 02:23:40.220,2012,288.1,65.1215,-16.7599,13.6634,3.2,-12345,-12345,58.095,13.9,15.52484,6.87424,0.09375,0.001875,6.0,7.0,0.0,anginc_corr,ass_5_15,Apr,comment,50,ACl,4.0,10,52.095,0.0588052,1,6.59105062,33,3484.695,-1350180985.0,6.35915,0.883,36.1354985333507,67.96646195556822,14.95848236731495,4.960133058537862,3.015742156667947,1.8899014937105107,3.8534524181324494
32984,20140905074500100.EFJA.0.2-3.fb1,EFJA,65.0336,-16.9621,2014-09-05 07:45:00.100,2014,248.323,65.0759,-16.5321,20.7852,0.7,-12345,-12345,162.673,14.7,16.476721,3.10199,0.1125,0.010937,14.0,6.5,0.0,anginc_corr,ass_5_16,Apr,comment,50,ACl,0.2,3,31.327,0.0588052,1,3.73644185,29,7976031.0,-1409902985.0,1.5625,0.883,34.40223239860669,36.78373294128959,23.368407143169712,7.635230351242986,3.0606027674548715,1.4733529905072371,4.638579185098042
32985,20141117052752780.EFJA.2-6.fb1,EFJA,65.0336,-16.9621,2014-11-17 05:27:52.780,2014,321.228,65.074,-16.7298,11.8302,2.0,-12345,-12345,167.065,14.099999,15.864504,3.52642,0.22,0.005,31.0,10.0,0.0,anginc_corr,ass_5_16,Apr,comment,50,ACl,2.0,6,43.935,0.0588052,1,3.884027,33,1293768.0,-1416201985.0,3.30882,0.883,36.76543170468566,55.2990331393315,13.35890845047367,4.621219804210922,2.890775383222594,4.75795351976771,3.5400460250334937
32986,20121101143010040.EFJA.0.5-5.fb1,EFJA,65.0336,-16.9621,2012-11-01 14:30:10.040,2012,306.604,65.0418,-16.5471,19.5735,0.8,-12345,-12345,161.19,13.9,16.723333,3.05757,0.10625,0.01875,3.0,6.25,0.0,anginc_corr,ass_5_17,Apr,comment,50,ACl,0.5,5,21.81,0.0588052,1,3.5572648,44,123160900.0,-1351779985.0,1.20192,0.883,34.758965379154205,37.58314971354575,22.01282210532373,7.256053792927767,3.033718152252246,1.4642160631865409,4.465451883747197
32987,20140821204442620.EFJA.3-8.fb1,EFJA,65.0336,-16.9621,2014-08-21 20:44:42.620,2014,233.864,65.0167,-16.6553,14.5829,2.7,-12345,-12345,84.002,14.099999,15.342007,3.49357,0.1725,0.00375,28.0,8.5,0.0,anginc_corr,ass_5_16,Apr,comment,50,ACl,3.0,8,56.002,0.0588052,1,5.24981594,28,23322.28,-1408653985.0,4.875,0.883,36.15335735068851,60.29185066145584,15.988526922730706,5.303019435095823,3.014985541428965,3.252003790356639,3.844532269191769
32988,20140830035045920.EFJA.0.5-5.fb1,EFJA,65.0336,-16.9621,2014-08-30 03:50:45.920,2014,242.16,65.1224,-16.8131,12.1297,1.3,-12345,-12345,169.784,14.3,15.81958,4.17134,0.15375,0.004687,-58.0,8.0,0.0,anginc_corr,ass_5_15,Apr,comment,50,ACl,0.5,5,47.784,0.0588052,1,2.10493851,41,7732614.0,-1409370985.0,3.50477,0.883,36.79793317048379,41.97951818811929,13.93919495559589,4.910219770916122,2.83881284462247,3.130457277540444,3.5239450240219217
32989,20150118124516880.EFJA.4-10.fb1,EFJA,65.0336,-16.9621,2015-01-18 12:45:16.880,2015,18.5313,65.0847,-16.7809,10.2614,2.2,-12345,-12345,49.008,14.7,15.507555,5.30079,0.0825,0.002812,23.0,8.5,0.0,anginc_corr,ass_5_15,Apr,comment,50,ACl,4.0,10,26.008,0.0588052,1,14.7837439,23,3722.813,-1421584985.0,6.35061,0.883,36.83565827689235,57.28938918518548,11.72703665542004,4.115518233659726,2.849467792295933,2.004406466528508,3.505264833659385
32990,20150121193727640.EFJA.4-10.fb1,EFJA,65.0336,-16.9621,2015-01-21 19:37:27.640,2015,21.8176,65.0838,-16.7958,9.62734,2.0,-12345,-12345,62.891,13.9,15.499153,3.82763,0.12,0.000937,22.0,5.0,0.0,anginc_corr,ass_5_16,Apr,comment,50,ACl,4.0,10,40.891,0.0588052,1,6.01146889,44,7707.965,-1421868985.0,5.94262,0.883,43.3157381855608,70.4399282391578,10.438016012409925,3.942741931967458,2.647400259139272,3.042862683639669,2.578251721067085
