,1event,stat,slat,slon,5cuspid,year,doy_det,evla,evlo,10dist(ev-stat),depthkm,mag,baz,spol,wbeg,wend,20SNR,tlag,Dtlag,fast,Dfast,25anginc,anginc_corr,type_ini,timestamp,comment,30nyquist,gradeABCNR,filt_lo,filt_HI,spol-fast,35bandang,pickgrade,lambdamax,ndf,lambda2_min,40ttime,maxfreq,Elev,anginc_epi,takeoff_ang_epi,path_length_source_to_station_km,traveltime_source_to_station_s,v_avg_source_to_station_kms,SWA_source_to_station,max_ray_depth_km
45476,20120729145813120.SSUD.4-10.fb1,SSUD,64.9419,-16.8542,2012-07-29 14:58:13.120,2012,211.624,65.0203,-16.668,12.3924,1.8,-12345,-12345,7.028,14.5,15.536124,3.02949,0.27,0.004687,33.0,7.5,0.0,anginc_corr,ass_5_16,Oct,comment,50,ACl,4.0,10,25.972,0.0588052,1,3.05908132,28,9794.242,-1343573985.0,5.85286,0.807,36.73806428524863,49.8562519333886,14.002468322145022,4.837375535472591,2.894641571543203,5.577198592474275,3.553608948658736
45477,20120902130916340.SSUD.4-10.fb1,SSUD,64.9419,-16.8542,2012-09-02 13:09:16.340,2012,246.548,65.0176,-16.6638,12.3286,2.4,-12345,-12345,104.278,14.3,15.460832,3.24241,0.02625,0.004687,-50.0,7.75,0.0,anginc_corr,ass_5_15,Oct,comment,50,ACl,4.0,10,25.722,0.0588052,1,4.13415051,37,1592.103,-1346590985.0,7.17003,0.807,36.648599759964114,58.8249851402021,13.761445162044955,4.694275659220453,2.93153750675354,0.5591873316006968,3.5979800902892904
45478,20120729234413100.SSUD.0.5-5.fb1,SSUD,64.9419,-16.8542,2012-07-29 23:44:13.100,2012,211.989,65.022,-16.6829,12.052,1.9,-12345,-12345,94.502,13.9,15.472404,5.48586,0.05625,0.001875,37.0,5.0,0.0,anginc_corr,ass_5_15,Oct,comment,50,ACl,0.5,5,57.502,0.0588052,1,6.05132484,41,12646370.0,-1343605985.0,6.36661,0.807,36.758137367746656,52.503523625538605,13.617134629421209,4.709879008191201,2.891185655881802,1.1942556113041292,3.543660527035607
45479,20120811134357320.SSUD.4-10.fb1,SSUD,64.9419,-16.8542,2012-08-11 13:43:57.320,2012,224.572,65.0167,-16.6808,11.6853,1.6,-12345,-12345,136.222,14.3,15.439913,3.70484,0.18,0.020625,-23.0,5.25,0.0,anginc_corr,ass_5_16,Oct,comment,50,ACl,4.0,10,20.778,0.0588052,1,4.93586922,25,23876.59,-1344692985.0,8.48278,0.807,36.80776729257604,45.10535080906758,13.36356201083459,4.681767650259497,2.8543838586466133,3.843281956061162,3.519074613903026
45480,20120708182648320.SSUD.3-8.fb1,SSUD,64.9419,-16.8542,2012-07-08 18:26:48.320,2012,190.768,65.0104,-16.7104,10.216,2.2,-12345,-12345,77.243,13.9,15.402763,6.25743,0.05625,0.001875,28.0,9.25,0.0,anginc_corr,ass_5_15,Oct,comment,50,ACl,3.0,8,49.243,0.0588052,1,4.73837757,42,15841.69,-1341771985.0,6.36661,0.807,36.83666449162039,57.29148076992821,11.69217247829656,4.105149357925807,2.8481722487690964,1.3701659809584044,3.504766716407161
45481,20120716185448660.SSUD.3-8.fb1,SSUD,64.9419,-16.8542,2012-07-16 18:54:48.660,2012,198.788,65.0131,-16.685,11.261,2.1,-12345,-12345,162.926,14.5,15.313826,3.44436,0.12,0.006563,50.0,6.75,0.0,anginc_corr,ass_5_15,Oct,comment,50,ACl,3.0,8,67.074,0.0588052,1,6.37855005,20,1218.442,-1342464985.0,5.76006,0.807,36.79551157733277,56.27042162407656,12.765506246423072,4.4344438446482375,2.8787164058530763,2.705593835194975,3.5251444290493907
45482,20120710012706880.SSUD.2-6.fb1,SSUD,64.9419,-16.8542,2012-07-10 01:27:06.880,2012,192.06,65.022,-16.6723,12.394,2.2,-12345,-12345,5.49,13.9,15.393059,3.35287,0.27375,0.00375,30.0,4.0,0.0,anginc_corr,ass_5_15,Oct,comment,50,ACl,2.0,6,24.51,0.0588052,1,5.93405581,36,30920.16,-1341883985.0,5.65733,0.807,36.68007747172549,56.96707700901561,13.874059397493996,4.749246300333915,2.921318146106367,5.759292722702014,3.582362406824464
45483,20120709110949500.SSUD.3-8.fb1,SSUD,64.9419,-16.8542,2012-07-09 11:09:49.500,2012,191.465,65.0212,-16.685,11.9108,2.5,-12345,-12345,79.626,13.9,15.384311,4.4784,0.05625,0.000937,37.0,8.25,0.0,anginc_corr,ass_5_15,Oct,comment,50,ACl,3.0,8,42.626,0.0588052,1,4.90870857,51,5730.998,-1341831985.0,6.74665,0.807,36.6781687509713,59.89591005313964,13.317739651968225,4.554111274008568,2.924333388157605,1.235100580962012,3.583309237716273
45484,20120906230918720.SSUD.4-10.fb1,SSUD,64.9419,-16.8542,2012-09-06 23:09:18.720,2012,250.965,65.022,-16.6829,12.052,2.0,-12345,-12345,124.389,13.9,15.38644,3.07471,0.18,0.001875,-32.0,3.5,0.0,anginc_corr,ass_5_15,Oct,comment,50,ACl,4.0,10,23.611,0.0588052,1,6.53481579,50,3561.467,-1346972985.0,6.76541,0.807,36.74608945184322,55.261660538630416,13.586167687213436,4.688132039228105,2.89799168912708,3.838068340135692,3.549631283124226
45485,20120716052559560.SSUD.1-8.fb1,SSUD,64.9419,-16.8542,2012-07-16 05:25:59.560,2012,198.226,65.022,-16.6829,12.052,1.9,-12345,-12345,107.863,13.9,15.333122,8.4082,0.05625,0.002812,43.0,4.75,0.0,anginc_corr,ass_5_15,Oct,comment,50,ACl,1.0,8,64.863,0.0588052,1,8.26778412,60,6388542.0,-1342415985.0,6.36661,0.807,36.758137367746656,52.503523625538605,13.617134629421209,4.709879008191201,2.891185655881802,1.1942556113041292,3.543660527035607
45486,20120803155348340.SSUD.1-3.fb1,SSUD,64.9419,-16.8542,2012-08-03 15:53:48.340,2012,216.662,65.0212,-16.6702,12.3924,2.0,-12345,-12345,36.921,14.099999,15.859284,3.6091,0.04375,0.00625,8.0,7.5,0.0,anginc_corr,ass_5_15,Oct,comment,50,ACl,1.0,3,28.921,0.0588052,1,3.90041351,42,18883.59,-1344008985.0,1.77735,0.807,36.71239820461421,55.19662453625455,13.935582385860268,4.790760978437758,2.908845264579363,0.913197049220571,3.5663331065284325
45487,20120818024741920.SSUD.4-10.fb1,SSUD,64.9419,-16.8542,2012-08-18 02:47:41.920,2012,231.116,65.0185,-16.6659,12.3246,2.3,-12345,-12345,143.152,13.9,15.397522,4.92117,0.03,0.001875,25.0,6.0,0.0,anginc_corr,ass_5_15,Oct,comment,50,ACl,4.0,10,61.848,0.0588052,1,7.79563236,60,927.6646,-1345257985.0,7.17003,0.807,36.668924349444616,57.8941889903204,13.78425865663195,4.71178124657722,2.925487821966533,0.6366954320299101,3.5878953037426013
45488,20120819055455680.SSUD.3-8.fb1,SSUD,64.9419,-16.8542,2012-08-19 05:54:55.680,2012,232.246,65.022,-16.6702,12.4636,2.1,-12345,-12345,144.857,13.9,15.563128,3.21596,0.03375,0.00375,-1.0,9.75,0.0,anginc_corr,ass_5_15,Oct,comment,50,ACl,3.0,8,34.143,0.0588052,1,4.97783566,50,4138.634,-1345355985.0,5.74682,0.807,36.6895477469159,56.05867584098067,13.97140022776448,4.7893142371251045,2.9172026590911546,0.7046850412962158,3.57766497486668
45489,20120718205711540.SSUD.2-3.fb1,SSUD,64.9419,-16.8542,2012-07-18 20:57:11.540,2012,200.873,65.0238,-16.685,12.1345,2.0,-12345,-12345,46.651,14.5,16.124092,3.11784,0.27,0.04875,-80.0,10.0,0.0,anginc_corr,ass_5_15,Oct,comment,50,ACl,2.0,3,53.349,0.0588052,1,5.38575172,18,40.14651,-1342644985.0,2.4375,0.807,36.73834945433086,55.2467127239859,13.670993690236028,4.713075171017071,2.900652587572852,5.724051241773509,3.5534675977708563
45490,20120803134112300.SSUD.1-8.fb1,SSUD,64.9419,-16.8542,2012-08-03 13:41:12.300,2012,216.57,65.0212,-16.6702,12.3924,2.0,-12345,-12345,66.866,14.099999,15.299742,5.59907,0.0525,0.001875,32.0,5.0,0.0,anginc_corr,ass_5_15,Oct,comment,50,ACl,1.0,8,34.866,0.0588052,1,10.4467821,49,706741.9,-1344000985.0,6.29735,0.807,36.71239820461421,55.19662453625455,13.935582385860268,4.790760978437758,2.908845264579363,1.095826407112099,3.5663331065284325
45491,20120829022117840.SSUD.4-10.fb1,SSUD,64.9419,-16.8542,2012-08-29 02:21:17.840,2012,242.098,65.0023,-16.7549,8.20218,4.5,-12345,-12345,25.102,13.9,15.483735,9.8431,0.18,0.000937,84.0,4.5,0.0,anginc_corr,ass_5_16,Oct,comment,50,ACl,4.0,10,58.898,0.0588052,1,7.67142296,53,1503.316,-1346206985.0,5.85938,0.807,34.37098620458847,97.17347956539554,9.6924520019336,3.341702934906996,2.9004529100080987,5.382573767089838,4.5
45492,20120718211339240.SSUD.2-3.fb1,SSUD,64.9419,-16.8542,2012-07-18 21:13:39.240,2012,200.884,65.0856,-16.7958,16.2596,2.1,-12345,-12345,63.576,14.7,15.902608,6.74546,0.065,0.005,24.0,9.5,0.0,anginc_corr,ass_5_16,Oct,comment,50,ACl,2.0,3,39.576,0.0588052,1,12.2840338,26,1033.887,-1342645985.0,2.73438,0.807,35.98000302509716,54.66237356956191,17.887251735427313,5.9090001682343285,3.027119855502088,1.0999836174988786,3.932293238303062
45493,20120822030815280.SSUD.1-8.fb1,SSUD,64.9419,-16.8542,2012-08-22 03:08:15.280,2012,235.131,65.0203,-16.6702,12.3215,2.1,-12345,-12345,10.037,13.9,15.409916,3.55699,0.03,0.004687,36.0,6.75,0.0,anginc_corr,ass_5_15,Oct,comment,50,ACl,1.0,8,25.963,0.0588052,1,4.39236593,47,121408.1,-1345604985.0,5.74682,0.807,36.704412954180526,56.088328093683245,13.83471471405556,4.749271905369614,2.9130180351252952,0.6316694715110316,3.5702927233417325
45494,20120717084440700.SSUD.4-10.fb1,SSUD,64.9419,-16.8542,2012-07-17 08:44:40.700,2012,199.364,65.0292,-16.6914,12.4027,2.1,-12345,-12345,174.771,14.099999,15.460832,3.27916,0.09,0.000937,31.0,4.75,0.0,anginc_corr,ass_5_15,Oct,comment,50,ACl,4.0,10,36.229,0.0588052,1,7.15484571,41,1216.489,-1342514985.0,7.17003,0.807,36.695744712410026,56.0710351121695,13.915223552566724,4.772863139822695,2.9154876527810214,1.8854930138346049,3.574591478270233
45495,20120826061032620.SSUD.4-10.fb1,SSUD,64.9419,-16.8542,2012-08-26 06:10:32.620,2012,239.257,65.0095,-16.6574,11.9647,0.7,-12345,-12345,172.971,14.099999,15.306099,4.12309,0.09,0.001875,13.0,3.25,0.0,anginc_corr,ass_5_15,Oct,comment,50,ACl,4.0,10,20.029,0.0588052,1,8.74007416,49,603.6831,-1345960985.0,6.69643,0.807,36.8316107453138,39.44402330813893,14.040988887350611,5.067706610463485,2.7706791191028404,1.775811259999216,3.5072685927530403
45496,20120715205432180.SSUD.3-8.fb1,SSUD,64.9419,-16.8542,2012-07-15 20:54:32.180,2012,197.871,65.0203,-16.6787,12.0419,2.0,-12345,-12345,69.243,13.9,15.333122,14.4111,0.0525,0.000937,25.0,5.75,0.0,anginc_corr,ass_5_15,Oct,comment,50,ACl,3.0,8,44.243,0.0588052,1,9.53487873,50,62833.18,-1342385985.0,6.36661,0.807,36.74649032910757,55.262434842076274,13.581688278967864,4.6868143723038616,2.897850693474685,1.1201287068644206,3.549432599629359
45497,20120729100037100.SSUD.1-8.fb1,SSUD,64.9419,-16.8542,2012-07-29 10:00:37.100,2012,211.417,65.0212,-16.6702,12.3924,1.6,-12345,-12345,148.028,14.099999,15.287634,5.55702,0.0525,0.002812,13.0,10.0,0.0,anginc_corr,ass_5_15,Oct,comment,50,ACl,1.0,8,44.972,0.0588052,1,3.8703692,50,114849.2,-1343555985.0,6.05469,0.807,36.75768738264106,45.03819748948034,14.075926088121523,4.892031461948,2.8773171631477017,1.073142903649682,3.543883515662621
45498,20120901041109560.SSUD.3-8.fb1,SSUD,64.9419,-16.8542,2012-09-01 04:11:09.560,2012,245.174,65.0176,-16.6659,12.2557,2.7,-12345,-12345,55.411,13.9,15.338267,4.81318,0.04875,0.002812,25.0,6.75,0.0,anginc_corr,ass_5_15,Oct,comment,50,ACl,3.0,8,30.411,0.0588052,1,9.37804604,46,15154.52,-1346472985.0,6.66893,0.807,36.5877299748751,61.34801724258136,13.618064714236514,4.621834008719887,2.946463392788163,1.0547467533456256,3.6281987733000793
45499,20120830161605500.SSUD.4-10.fb1,SSUD,64.9419,-16.8542,2012-08-30 16:16:05.500,2012,243.678,65.0176,-16.6595,12.4755,1.2,-12345,-12345,23.379,14.3,15.531378,3.48077,0.12,0.004687,-46.0,6.5,0.0,anginc_corr,ass_5_15,Oct,comment,50,ACl,4.0,10,69.379,0.0588052,1,4.19249153,31,2332.686,-1346342985.0,6.05469,0.807,36.78043375835658,41.545785528121215,14.330960783154056,5.0462879432406105,2.839901516589052,2.3776495058939418,3.5326132631006573
45500,20120802062248580.SSUD.4-10.fb1,SSUD,64.9419,-16.8542,2012-08-02 06:22:48.580,2012,215.266,65.0212,-16.6617,12.6767,2.0,-12345,-12345,3.421,14.099999,15.350039,3.56243,0.05625,0.00375,67.0,7.5,0.0,anginc_corr,ass_5_15,Oct,comment,50,ACl,4.0,10,63.579,0.0588052,1,5.19710922,37,546.4371,-1343888985.0,7.10417,0.807,36.68111649546402,55.13630925365346,14.223029187059147,4.874950711937983,2.917573946384566,1.1538194165268578,3.581847003551447
45501,20120803180338800.SSUD.2-6.fb1,SSUD,64.9419,-16.8542,2012-08-03 18:03:38.800,2012,216.752,65.0203,-16.6702,12.3215,1.9,-12345,-12345,78.712,13.9,15.316454,5.91802,0.05625,0.000937,31.0,4.25,0.0,anginc_corr,ass_5_15,Oct,comment,50,ACl,2.0,6,47.712,0.0588052,1,19.4876728,42,6623.382,-1344016985.0,5.65733,0.807,36.73329897743916,52.46019656384567,13.894239512731836,4.791376788028328,2.899842806653779,1.1739436173343163,3.5559710653466574
45502,20120905071337680.SSUD.3-8.fb1,SSUD,64.9419,-16.8542,2012-09-05 07:13:37.680,2012,249.301,65.0167,-16.6701,12.0418,1.9,-12345,-12345,97.989,13.9,15.333122,5.5421,0.05625,0.000937,38.0,5.5,0.0,anginc_corr,ass_5_15,Oct,comment,50,ACl,3.0,8,59.989,0.0588052,1,9.69396591,59,37025.65,-1346828985.0,6.36661,0.807,36.75840757134015,52.50399511513066,13.61392229787836,4.708933137498136,2.8910842223407447,1.194495481092872,3.5435266291693788
45503,20120824161215020.SSUD.3-8.fb1,SSUD,64.9419,-16.8542,2012-08-24 16:12:15.020,2012,237.675,65.0203,-16.6765,12.1113,2.1,-12345,-12345,71.611,13.9,15.417405,11.0216,0.0525,0.001875,31.0,8.75,0.0,anginc_corr,ass_5_15,Oct,comment,50,ACl,3.0,8,40.611,0.0588052,1,4.09271097,47,32156.18,-1345824985.0,6.66893,0.807,36.72581193036644,56.13104357286697,13.624999725063402,4.68774074918475,2.906517329788969,1.1199073643638258,3.5596826178280123
45504,20120831131826760.SSUD.3-8.fb1,SSUD,64.9419,-16.8542,2012-08-31 13:18:26.760,2012,244.554,65.0319,-16.5874,16.1033,3.1,-12345,-12345,165.462,14.099999,15.429317,3.07452,0.135,0.001875,25.0,3.5,0.0,anginc_corr,ass_5_16,Oct,comment,50,ACl,3.0,8,39.538,0.0588052,1,6.17075157,45,9529.298,-1346418985.0,5.95093,0.807,35.10673227554316,62.33612290240177,17.616852131099435,5.680136677718444,3.1014838428457754,2.376367834345672,4.313401944444448
45505,20120710051733660.SSUD.3-8.fb1,SSUD,64.9419,-16.8542,2012-07-10 05:17:33.660,2012,192.22,65.0032,-16.6892,10.3654,2.7,-12345,-12345,157.94,14.099999,15.4197,8.28132,0.04875,0.001875,19.0,6.25,0.0,anginc_corr,ass_5_16,Oct,comment,50,ACl,3.0,8,41.06,0.0588052,1,7.41385078,43,3801.2,-1341896985.0,6.54872,0.807,36.78809643183983,61.84532228506311,11.705783013000854,4.060543777244064,2.8828116762592075,1.200534857139246,3.5288173556149225
45506,20120730000230560.SSUD.1-8.fb1,SSUD,64.9419,-16.8542,2012-07-30 00:02:30.560,2012,212.002,65.0212,-16.6723,12.3223,2.1,-12345,-12345,26.646,13.9,15.369923,4.71417,0.02625,0.004687,6.0,5.75,0.0,anginc_corr,ass_5_15,Oct,comment,50,ACl,1.0,8,20.646,0.0588052,1,3.80756521,52,158177.7,-1343606985.0,6.66893,0.807,36.70418005671535,56.08786339157283,13.836908720075884,4.749915033409023,2.913085523162529,0.5526372449082828,3.570408215527785
45507,20120805072824720.SSUD.1-8.fb1,SSUD,64.9419,-16.8542,2012-08-05 07:28:24.720,2012,218.311,65.0301,-16.6893,12.5433,2.0,-12345,-12345,112.95,14.099999,15.350738,5.60583,0.03375,0.0075,51.0,10.0,0.0,anginc_corr,ass_5_15,Oct,comment,50,ACl,1.0,8,61.95,0.0588052,1,5.1443758,32,95854.25,-1344151985.0,6.4788,0.807,36.696471056768026,55.165906549097066,14.085611631005609,4.834730313001417,2.913422408097301,0.6980655933091384,3.574231250929232
45508,20120722084441320.SSUD.2-6.fb1,SSUD,64.9419,-16.8542,2012-07-22 08:44:41.320,2012,204.364,65.0427,-16.5789,17.1768,1.7,-12345,-12345,75.007,14.099999,15.652203,3.20908,0.1875,0.004687,43.0,6.25,0.0,anginc_corr,ass_5_15,Oct,comment,50,ACl,2.0,6,32.007,0.0588052,1,4.10462999,43,38378.18,-1342946985.0,4.6875,0.807,35.63585224540023,45.78608039360779,19.01298073044885,6.269575709334181,3.0325785367169606,2.989964599908035,4.088255723580613
45509,20120716160616820.SSUD.1-8.fb1,SSUD,64.9419,-16.8542,2012-07-16 16:06:16.820,2012,198.671,65.022,-16.6744,12.3247,2.0,-12345,-12345,2.105,13.9,15.478953,3.20621,0.27,0.002812,26.0,4.0,0.0,anginc_corr,ass_5_15,Oct,comment,50,ACl,1.0,8,23.895,0.0588052,1,4.34278917,47,231970.8,-1342454985.0,6.83594,0.807,36.71995767134085,55.21121021015806,13.861321960661096,4.768975508375158,2.9065617838292903,5.657063734717127,3.562585000688708
45510,20120820050416220.SSUD.1-8.fb1,SSUD,64.9419,-16.8542,2012-08-20 05:04:16.220,2012,233.211,65.014,-16.6744,11.6903,1.9,-12345,-12345,60.167,13.9,15.496543,3.11725,0.19875,0.00375,31.0,4.5,0.0,anginc_corr,ass_5_15,Oct,comment,50,ACl,1.0,8,29.167,0.0588052,1,4.65315151,51,46836.91,-1345438985.0,6.66893,0.807,36.785876814929374,52.55194509709381,13.257119636699327,4.603720296443948,2.8796535808093133,4.315150931457623,3.529916862365326
45511,20120905070113560.SSUD.4-10.fb1,SSUD,64.9419,-16.8542,2012-09-05 07:01:13.560,2012,249.292,65.0113,-16.6489,12.402,2.0,-12345,-12345,107.171,13.9,15.437584,3.37477,0.06,0.002812,45.0,9.25,0.0,anginc_corr,ass_5_15,Oct,comment,50,ACl,4.0,10,62.171,0.0588052,1,4.21959448,50,5152.539,-1346827985.0,6.36661,0.807,36.71167838281148,55.19523587400805,13.942545344597187,4.7928029367975205,2.909058755066068,1.2518280050556996,3.566690025048789
45512,20120804032312340.SSUD.2-6.fb1,SSUD,64.9419,-16.8542,2012-08-04 03:23:12.340,2012,217.141,65.0194,-16.6702,12.2509,1.8,-12345,-12345,169.561,14.5,15.513968,3.45604,0.06,0.00375,58.0,6.25,0.0,anginc_corr,ass_5_15,Oct,comment,50,ACl,2.0,6,68.439,0.0588052,1,6.57937431,33,4002.686,-1344050985.0,6.05469,0.807,36.75120748467475,49.87713308175866,13.85688050098231,4.794569297039977,2.8901199758520817,1.2513668570505845,3.5470947526561494
45513,20120711132354600.SSUD.1-8.fb1,SSUD,64.9419,-16.8542,2012-07-11 13:23:54.600,2012,193.558,65.0167,-16.668,12.1144,2.1,-12345,-12345,96.274,13.9,15.315712,4.92821,0.05625,0.001875,41.0,8.0,0.0,anginc_corr,ass_5_15,Oct,comment,50,ACl,1.0,8,55.274,0.0588052,1,6.00701952,53,125077.3,-1342012985.0,6.36661,0.807,36.72568226686696,56.13078463859992,13.62632300824684,4.688129357997594,2.90655866502518,1.199795726486741,3.5597468990789105
45514,20120909030351200.SSUD.4-10.fb1,SSUD,64.9419,-16.8542,2012-09-09 03:03:51.200,2012,253.128,65.0203,-16.6808,11.9732,2.1,-12345,-12345,18.368,14.099999,15.350533,4.01423,0.02625,0.002812,-2.0,4.5,0.0,anginc_corr,ass_5_15,Oct,comment,50,ACl,4.0,10,20.368,0.0588052,1,6.45560503,46,3654.611,-1347159985.0,6.36661,0.807,36.73921715877455,56.15782048136595,13.484210218639756,4.646369985314523,2.902095670654385,0.5649526539343697,3.553037502504128
45515,20120901040703140.SSUD.3-8.fb1,SSUD,64.9419,-16.8542,2012-09-01 04:07:03.140,2012,245.171,65.0095,-16.6405,12.5973,2.5,-12345,-12345,108.199,14.099999,15.454994,3.51101,0.05625,0.0225,43.0,10.0,0.0,anginc_corr,ass_5_15,Oct,comment,50,ACl,3.0,8,65.199,0.0588052,1,5.2856636,30,8612.189,-1346471985.0,6.36661,0.807,36.59064864034469,59.693726539597314,14.00362985988735,4.75430838789997,2.945460983458186,1.183095984947613,3.6267492632220018
45516,20120804043440080.SSUD.3-8.fb1,SSUD,64.9419,-16.8542,2012-08-04 04:34:40.080,2012,217.191,65.049,-16.5619,18.2398,3.0,-12345,-12345,168.008,13.9,15.443835,3.27313,0.12,0.001875,46.0,4.75,0.0,anginc_corr,ass_5_15,Oct,comment,50,ACl,3.0,8,57.992,0.0588052,1,5.1286006,48,2155.722,-1344054985.0,6.07639,0.807,34.38968369378354,58.41278406693596,19.93640098243035,6.301090372587669,3.1639604899434364,1.904259648577522,4.644890364152243
45517,20120815072711660.SSUD.4-10.fb1,SSUD,64.9419,-16.8542,2012-08-15 07:27:11.660,2012,228.31,65.0176,-16.6617,12.4019,1.4,-12345,-12345,171.326,13.9,15.429176,3.127,0.02625,0.00375,55.0,8.75,0.0,anginc_corr,ass_5_15,Oct,comment,50,ACl,4.0,10,63.674,0.0588052,1,4.1340642,48,852.6484,-1345015985.0,7.17003,0.807,36.77254776978581,42.36423539660389,14.16700010265759,4.957375835327611,2.857761963839757,0.5295103068988283,3.536520191885672
45518,20120717071141340.SSUD.2-3.fb1,SSUD,64.9419,-16.8542,2012-07-17 07:11:41.340,2012,199.3,65.0212,-16.6808,12.0462,1.9,-12345,-12345,151.822,14.7,15.972789,3.47372,0.15,0.01,32.0,9.25,0.0,anginc_corr,ass_5_16,Oct,comment,50,ACl,2.0,3,60.178,0.0588052,1,4.45332527,32,183.7307,-1342508985.0,2.52404,0.807,36.75804519708873,52.50336279386557,13.618229299381388,4.710201327932889,2.891220215709518,3.1837702485653097,3.543706201792994
45519,20120901012408960.SSUD.3-8.fb1,SSUD,64.9419,-16.8542,2012-09-01 01:24:08.960,2012,245.058,65.0185,-16.6829,11.7592,2.1,-12345,-12345,69.71,13.9,15.298302,6.69977,0.0525,0.000937,27.0,3.75,0.0,anginc_corr,ass_5_15,Oct,comment,50,ACl,3.0,8,42.71,0.0588052,1,12.2005129,48,20686.03,-1346462985.0,6.36661,0.807,36.75825220448724,56.19586698991759,13.268493104826335,4.582887423868995,2.8952256247273733,1.1455284155061918,3.543603620279103
45520,20120721175408820.SSUD.4-10.fb1,SSUD,64.9419,-16.8542,2012-07-21 17:54:08.820,2012,203.746,65.0167,-16.6659,12.1873,1.9,-12345,-12345,173.402,13.9,15.402111,4.15595,0.09,0.001875,19.0,5.0,0.0,anginc_corr,ass_5_15,Oct,comment,50,ACl,4.0,10,25.598,0.0588052,1,4.16872454,56,10782.04,-1342892985.0,7.88002,0.807,36.74581680901544,52.48202857130052,13.758797627459131,4.7515665731963335,2.895633979974676,1.893942299334128,3.549766411435079
45521,20120824004930920.SSUD.4-10.fb1,SSUD,64.9419,-16.8542,2012-08-24 00:49:30.920,2012,237.034,65.0077,-16.6489,12.1571,2.5,-12345,-12345,174.622,13.9,15.492487,3.66461,0.27,0.00375,19.0,5.0,0.0,anginc_corr,ass_5_15,Oct,comment,50,ACl,4.0,10,24.378,0.0588052,1,4.48688841,42,1389.165,-1345768985.0,6.89562,0.807,36.64927052973292,59.8290409214795,13.560056034575492,4.624984771203353,2.93191366142539,5.832891579804311,3.5976472209157544
45522,20120824160809960.SSUD.0.5-5.fb1,SSUD,64.9419,-16.8542,2012-08-24 16:08:09.960,2012,237.672,65.022,-16.6723,12.394,2.1,-12345,-12345,127.773,14.3,15.543976,3.23409,0.02625,0.002812,-26.0,6.25,0.0,anginc_corr,ass_5_15,Oct,comment,50,ACl,0.5,5,26.227,0.0588052,1,7.7777853,39,156308.7,-1345824985.0,5.74682,0.807,36.69721183296552,56.07396158198487,13.90175950315799,4.768919005221292,2.915075615236394,0.5504350386615897,3.5738638696854155
45523,20120906195256940.SSUD.2-6.fb1,SSUD,64.9419,-16.8542,2012-09-06 19:52:56.940,2012,250.828,65.0167,-16.668,12.1144,2.2,-12345,-12345,169.429,13.9,15.448219,4.38955,0.1275,0.002812,22.0,4.75,0.0,anginc_corr,ass_5_15,Oct,comment,50,ACl,2.0,6,32.571,0.0588052,1,4.17082882,54,104243.1,-1346960985.0,5.74682,0.807,36.71017682341569,57.02926556637272,13.59841441076024,4.668487696626789,2.9128093066595766,2.730568061386407,3.567434573356292
45524,20120830141703240.SSUD.3-8.fb1,SSUD,64.9419,-16.8542,2012-08-30 14:17:03.240,2012,243.595,65.0158,-16.6638,12.193,2.0,-12345,-12345,88.336,13.9,15.454994,4.03294,0.06,0.002812,36.0,9.5,0.0,anginc_corr,ass_5_15,Oct,comment,50,ACl,3.0,8,52.336,0.0588052,1,5.03390694,40,4286.301,-1346335985.0,6.36661,0.807,36.73257167729834,55.23555711440986,13.73238695358988,4.731116698497803,2.902567792916652,1.2681485476349508,3.55633159384248
45525,20120724032332180.SSUD.3-8.fb1,SSUD,64.9419,-16.8542,2012-07-24 03:23:32.180,2012,206.141,65.0203,-16.6808,11.9732,2.0,-12345,-12345,30.485,13.9,15.354095,5.02352,0.03,0.002812,7.0,4.0,0.0,anginc_corr,ass_5_15,Oct,comment,50,ACl,3.0,8,23.485,0.0588052,1,7.60103035,58,15534.18,-1343099985.0,6.66893,0.807,36.75251929733404,55.274081262424666,13.513224186725877,4.6666687941137415,2.89568957706419,0.6428502081746501,3.546444636982728
45526,20120722085006320.SSUD.2-3.fb1,SSUD,64.9419,-16.8542,2012-07-22 08:50:06.320,2012,204.368,65.0427,-16.5789,17.1768,1.6,-12345,-12345,64.701,14.7,15.548589,3.95855,0.175,0.00375,41.0,4.25,0.0,anginc_corr,ass_5_15,Oct,comment,50,ACl,2.0,3,23.701,0.0588052,1,23.4895325,24,746.4875,-1342946985.0,2.6331,0.807,35.89917550408598,43.89229886036944,18.99567351697546,6.298986164512865,3.015671573306988,2.777688978393656,3.973705526073088
45527,20120723081922860.SSUD.3-8.fb1,SSUD,64.9419,-16.8542,2012-07-23 08:19:22.860,2012,205.347,65.0203,-16.6702,12.3215,2.0,-12345,-12345,114.672,13.9,15.563128,7.78848,0.02625,0.001875,-37.0,6.5,0.0,anginc_corr,ass_5_15,Oct,comment,50,ACl,3.0,8,28.328,0.0588052,1,6.68505669,47,22227.07,-1343031985.0,5.74682,0.807,36.71974220603014,55.21079442476417,13.863468217167574,4.769605347124004,2.906627950995364,0.550355832757532,3.5626918267673453
45528,20120806112011000.SSUD.0.5-5.fb1,SSUD,64.9419,-16.8542,2012-08-06 11:20:11.000,2012,219.472,65.0212,-16.6702,12.3924,2.0,-12345,-12345,7.871,13.9,15.565422,5.124,0.27375,0.023438,32.0,3.75,0.0,anginc_corr,ass_5_15,Oct,comment,50,ACl,0.5,5,24.129,0.0588052,1,5.19630718,39,906495.2,-1344251985.0,5.65733,0.807,36.71239820461421,55.19662453625455,13.935582385860268,4.790760978437758,2.908845264579363,5.709466796457718,3.5663331065284325
45529,20120825081301400.SSUD.1-8.fb1,SSUD,64.9419,-16.8542,2012-08-25 08:13:01.400,2012,238.342,65.0212,-16.6702,12.3924,2.0,-12345,-12345,163.703,13.9,15.417844,9.69268,0.05625,0.002812,47.0,5.0,0.0,anginc_corr,ass_5_15,Oct,comment,50,ACl,1.0,8,63.297,0.0588052,1,6.59309912,45,485876.4,-1345881985.0,4.75781,0.807,36.71239820461421,55.19662453625455,13.935582385860268,4.790760978437758,2.908845264579363,1.17409450691639,3.5663331065284325
45530,20120719143906860.SSUD.4-10.fb1,SSUD,64.9419,-16.8542,2012-07-19 14:39:06.860,2012,201.61,65.0059,-16.6722,11.1695,2.5,-12345,-12345,117.936,13.9,15.494781,4.24396,0.18,0.002812,-32.0,5.25,0.0,anginc_corr,ass_5_15,Oct,comment,50,ACl,4.0,10,30.064,0.0588052,1,3.68448615,40,1384.722,-1342708985.0,7.15301,0.807,36.7537373606255,60.07129262225724,12.564064204981516,4.332725974525375,2.8998058679115606,4.15263742200338,3.5458409921136145
45531,20120730092018320.SSUD.1-8.fb1,SSUD,64.9419,-16.8542,2012-07-30 09:20:18.320,2012,212.389,65.0212,-16.6787,12.1145,1.7,-12345,-12345,151.386,14.7,15.302556,3.67778,0.02625,0.000937,19.0,6.75,0.0,anginc_corr,ass_5_15,Oct,comment,50,ACl,1.0,8,47.614,0.0588052,1,13.4417391,32,84236.0,-1343639985.0,7.17003,0.807,36.77181238943108,47.427472435282766,13.757510458065717,4.781011677478569,2.8775312394386816,0.5490428374912426,3.5368845393879065
45532,20120817072840020.SSUD.2-6.fb1,SSUD,64.9419,-16.8542,2012-08-17 07:28:40.020,2012,230.311,65.0212,-16.6723,12.3223,2.0,-12345,-12345,1.748,13.9,15.54627,4.47853,0.27375,0.001875,28.0,3.0,0.0,anginc_corr,ass_5_15,Oct,comment,50,ACl,2.0,6,26.252,0.0588052,1,6.90096283,50,7663.561,-1345187985.0,5.65733,0.807,36.71952192536628,55.21036935042293,13.865660591945929,4.770248707432896,2.9066955293841943,5.733977504212362,3.562801040571597
45533,20120710112125780.SSUD.1-8.fb1,SSUD,64.9419,-16.8542,2012-07-10 11:21:25.780,2012,192.473,65.0212,-16.6765,12.1833,2.0,-12345,-12345,35.645,13.9,15.352655,6.44541,0.03,0.00375,10.0,6.0,0.0,anginc_corr,ass_5_15,Oct,comment,50,ACl,1.0,8,25.645,0.0588052,1,4.55909777,42,1074358.0,-1341918985.0,6.74665,0.807,36.73306927176381,55.23651776915133,13.727160687654925,4.729581234202995,2.9024050984438063,0.6342992489805965,3.556084931917828
45534,20120729234244560.SSUD.0.5-5.fb1,SSUD,64.9419,-16.8542,2012-07-29 23:42:44.560,2012,211.988,65.0212,-16.6765,12.1833,1.9,-12345,-12345,75.68,14.5,15.315712,8.91708,0.0525,0.0,32.0,2.5,0.0,anginc_corr,ass_5_15,Oct,comment,50,ACl,0.5,5,43.68,0.0588052,1,26.7405262,30,6154726.0,-1343604985.0,6.36661,0.807,36.745885867627976,52.48214903470591,13.758028134411724,4.751340266009121,2.895609946699892,1.1049176591086507,3.549732184288464
45535,20120813100524420.SSUD.3-8.fb1,SSUD,64.9419,-16.8542,2012-08-13 10:05:24.420,2012,226.42,65.0203,-16.6808,11.9732,1.9,-12345,-12345,98.164,14.099999,15.37323,3.69127,0.05625,0.001875,44.0,8.25,0.0,anginc_corr,ass_5_16,Oct,comment,50,ACl,3.0,8,54.164,0.0588052,1,6.59528065,46,4362.128,-1344851985.0,6.49701,0.807,36.76416833578202,52.5140481231084,13.54424249710246,4.688409797323002,2.8888776968335783,1.1997239653339875,3.540672027084728
45536,20120826075922420.SSUD.1-8.fb1,SSUD,64.9419,-16.8542,2012-08-26 07:59:22.420,2012,239.333,65.0212,-16.6765,12.1833,2.0,-12345,-12345,31.895,13.9,15.378986,12.7163,0.02625,0.00375,10.0,4.5,0.0,anginc_corr,ass_5_15,Oct,comment,50,ACl,1.0,8,21.895,0.0588052,1,5.97143984,45,2272227.0,-1345967985.0,5.46875,0.807,36.73306927176381,55.23651776915133,13.727160687654925,4.729581234202995,2.9024050984438063,0.555013151250705,3.556084931917828
45537,20120813131558640.SSUD.3-8.fb1,SSUD,64.9419,-16.8542,2012-08-13 13:15:58.640,2012,226.553,65.0221,-16.5386,17.3721,2.9,-12345,-12345,178.477,14.5,15.422153,3.52181,0.09,0.002812,23.0,4.5,0.0,anginc_corr,ass_5_16,Oct,comment,50,ACl,3.0,8,24.523,0.0588052,1,5.39432478,33,7379.641,-1344863985.0,6.42491,0.807,34.67871308432623,58.353446698476446,19.029674809491794,6.073730257222262,3.1331116140470088,1.4817098618891578,4.500992610841879
45538,20120818031055820.SSUD.3-8.fb1,SSUD,64.9419,-16.8542,2012-08-18 03:10:55.820,2012,231.132,65.0176,-16.668,12.1832,2.0,-12345,-12345,99.908,13.9,15.315712,3.60568,0.05625,0.001875,40.0,6.5,0.0,anginc_corr,ass_5_15,Oct,comment,50,ACl,3.0,8,59.908,0.0588052,1,7.76275301,47,4741.717,-1345258985.0,6.36661,0.807,36.73326267400611,55.23689115566222,13.725126336458,4.7289835281130985,2.9023417516394763,1.1894313054369832,3.555989061167743
45539,20120709084421580.SSUD.3-8.fb1,SSUD,64.9419,-16.8542,2012-07-09 08:44:21.580,2012,191.364,65.0212,-16.6744,12.2527,2.3,-12345,-12345,138.236,13.9,15.42803,6.84264,0.03,0.001875,20.0,5.75,0.0,anginc_corr,ass_5_16,Oct,comment,50,ACl,3.0,8,61.764,0.0588052,1,10.4721212,54,3258.012,-1341822985.0,4.82537,0.807,36.67725500057411,57.91202536338559,13.71285471599244,4.690893522078686,2.923292684314828,0.6395304670490987,3.5837625166849225
45540,20120824162105400.SSUD.1-8.fb1,SSUD,64.9419,-16.8542,2012-08-24 16:21:05.400,2012,237.681,65.0212,-16.6765,12.1833,2.2,-12345,-12345,29.288,13.9,15.368484,6.93465,0.03,0.006563,5.0,6.75,0.0,anginc_corr,ass_5_15,Oct,comment,50,ACl,1.0,8,24.288,0.0588052,1,4.02182531,46,183745.7,-1345824985.0,6.74665,0.807,36.70259355637438,57.01359020292241,13.67045156632476,4.689612352404731,2.915049377016173,0.6397051787814689,3.571194959003698
45541,20120731161437660.SSUD.1-8.fb1,SSUD,64.9419,-16.8542,2012-07-31 16:14:37.660,2012,213.677,65.0203,-16.6744,12.1809,2.1,-12345,-12345,115.22,13.9,15.333122,5.81085,0.05625,0.001875,47.0,4.0,0.0,anginc_corr,ass_5_15,Oct,comment,50,ACl,1.0,8,68.22,0.0588052,1,7.92043638,64,77293.21,-1343750985.0,6.36661,0.807,36.71891398729274,56.11727039254792,13.694456590805794,4.70813215559614,2.9086814342134395,1.194698682905937,3.5631024541706697
45542,20120807132102500.SSUD.1-8.fb1,SSUD,64.9419,-16.8542,2012-08-07 13:21:02.500,2012,220.556,65.0212,-16.6723,12.3223,2.3,-12345,-12345,37.981,13.9,15.351973,3.01362,0.03,0.005625,12.0,6.75,0.0,anginc_corr,ass_5_15,Oct,comment,50,ACl,1.0,8,25.981,0.0588052,1,3.45791721,46,30705.95,-1344345985.0,6.29735,0.807,36.66913321859861,57.89463610586649,13.782488574571955,4.711263611529136,2.9254335377974257,0.6367653854908895,3.5877916795144653
45543,20120903000828340.SSUD.3-8.fb1,SSUD,64.9419,-16.8542,2012-09-03 00:08:28.340,2012,247.006,65.0212,-16.6765,12.1833,1.9,-12345,-12345,86.054,13.9,15.402763,7.25838,0.05625,0.001875,34.0,7.75,0.0,anginc_corr,ass_5_15,Oct,comment,50,ACl,3.0,8,52.054,0.0588052,1,5.81595659,51,17541.65,-1346630985.0,6.36661,0.807,36.745885867627976,52.48214903470591,13.758028134411724,4.751340266009121,2.895609946699892,1.1838350031837308,3.549732184288464
45544,20120805192551620.SSUD.4-10.fb1,SSUD,64.9419,-16.8542,2012-08-05 19:25:51.620,2012,218.81,65.022,-16.6871,11.9184,2.0,-12345,-12345,144.488,13.9,15.459665,3.53147,0.09,0.00375,-14.0,5.5,0.0,anginc_corr,ass_5_15,Oct,comment,50,ACl,4.0,10,21.512,0.0588052,1,3.43828773,40,1942.529,-1344194985.0,7.88002,0.807,36.75766299438162,55.284019542919616,13.453085763928875,4.648963648285283,2.8937816644126464,1.935733980940313,3.543895601221089
