,1event,stat,slat,slon,5cuspid,year,doy_det,evla,evlo,10dist(ev-stat),depthkm,mag,baz,spol,wbeg,wend,20SNR,tlag,Dtlag,fast,Dfast,25anginc,anginc_corr,type_ini,timestamp,comment,30nyquist,gradeABCNR,filt_lo,filt_HI,spol-fast,35bandang,pickgrade,lambdamax,ndf,lambda2_min,40ttime,maxfreq,Elev,anginc_epi,takeoff_ang_epi,path_length_source_to_station_km,traveltime_source_to_station_s,v_avg_source_to_station_kms,SWA_source_to_station,max_ray_depth_km
32480,20150808041944640.GODA.3-8.fb1,GODA,65.037,-16.8598,2015-08-08 04:19:44.640,2015,220.18,65.022,-16.6871,8.3074,1.9,-12345,-12345,28.503,14.5,15.652617,5.49453,0.24,0.004687,-39.0,4.75,0.0,anginc_corr,ass_5_15,Apr,comment,50,ACl,3.0,8,67.503,0.0588052,1,6.74792385,42,567.6831,-1439007985.0,3.75,1.266,44.37914978112058,68.00963946520865,9.055367810438526,3.50422209859676,2.584130673128476,6.840868198102257,2.376076224995677
32481,20160515172054720.GODA.4-10.fb1,GODA,65.037,-16.8598,2016-05-15 17:20:54.720,2016,136.723,65.022,-16.668,9.19036,2.1,-12345,-12345,105.221,13.9,15.347395,5.37558,0.115,0.00625,44.0,6.5,0.0,anginc_corr,ass_5_15,Apr,comment,25,ACl,4.0,10,61.221,0.0588052,1,3.73773837,42,118.428,-1463332985.0,4.78316,1.266,43.3882014176995,72.52063410343054,9.981970694782948,3.783309716600693,2.6384228208923264,3.038964745304895,2.561888958974948
32482,20140920095632060.GODA.3-8.fb1,GODA,65.037,-16.8598,2014-09-20 09:56:32.060,2014,263.414,65.0757,-16.817,4.76121,2.9,-12345,-12345,66.435,14.3,15.423799,3.97438,0.13,0.005,-70.0,9.25,0.0,anginc_corr,ass_5_15,Apr,comment,25,ACl,3.0,8,43.565,0.0588052,1,3.81712151,32,31547.12,-1411206985.0,6.19507,1.266,40.65579632519667,102.89094725114929,5.699214652308207,2.265978477977756,2.51512302861517,5.732323047105581,2.9000000000000004
32483,20131125213255360.GODA.4-10.fb1,GODA,65.037,-16.8598,2013-11-25 21:32:55.360,2013,329.898,65.0203,-16.6808,8.64296,2.0,-12345,-12345,82.937,14.5,15.325792,4.78691,0.1125,0.00375,-47.0,8.25,0.0,anginc_corr,ass_5_16,Apr,comment,25,ACl,4.0,10,50.063,0.0588052,1,3.26533151,27,1281.147,-1385414985.0,5.91346,1.266,43.76798311944262,71.83264703948852,9.414872353618314,3.60537566106873,2.6113429608129914,3.119581422818385,2.4820058191905217
32484,20160614183036300.GODA.1-8.fb1,GODA,65.037,-16.8598,2016-06-14 18:30:36.300,2016,166.771,65.0496,-16.8656,1.43068,1.9,-12345,-12345,138.019,13.9,15.303719,12.2776,0.0275,0.00125,0.0,3.5,0.0,anginc_corr,ass_5_15,Apr,comment,25,ACl,1.0,8,41.981,0.0588052,1,27.9130802,40,242697.6,-1465928985.0,6.11359,1.266,32.912498550639896,133.91526163815735,2.3794104792771447,1.0787218864554642,2.205768242169971,2.5488991866552624,1.9
32485,20150812082226060.GODA.4-10.fb1,GODA,65.037,-16.8598,2015-08-12 08:22:26.060,2015,224.349,65.0212,-16.6723,9.0132,2.2,-12345,-12345,86.441,14.7,15.438851,3.05517,0.12,0.002812,28.0,8.25,0.0,anginc_corr,ass_5_15,Apr,comment,50,ACl,4.0,10,58.441,0.0588052,1,4.40048361,29,47.5374,-1439367985.0,5.12972,1.266,43.307505107775576,74.29308311356952,9.793509127521489,3.7112057273168753,2.638902245551877,3.23260577813329,2.5801120497645043
32486,20150731013146780.GODA.2-3.fb1,GODA,65.037,-16.8598,2015-07-31 01:31:46.780,2015,212.064,65.0319,-16.7105,7.05784,4.9,-12345,-12345,72.465,14.5,15.821661,23.2105,0.125,0.00625,35.0,7.25,0.0,anginc_corr,ass_5_15,Apr,comment,50,ACl,2.0,3,37.465,0.0588052,1,65.6196213,12,303.3275,-1438305985.0,2.34375,1.266,32.322410916277924,106.4816603699009,8.807493004620634,3.0490916061573627,2.888562936854604,4.097860599055991,4.9
32487,20140828063916500.GODA.1-8.fb1,GODA,65.037,-16.8598,2014-08-28 06:39:16.500,2014,240.277,65.0301,-16.6044,12.059,0.2,-12345,-12345,52.808,13.9,16.407711,3.35535,0.295,0.0125,81.0,7.25,0.0,anginc_corr,ass_5_16,Apr,comment,50,ACl,1.0,8,28.192,0.0588052,1,2.44161344,47,471544.3,-1409207985.0,1.90218,1.266,43.24651843302946,44.112405137236685,13.50625740441975,5.27748238905557,2.559223585933512,5.585426922148429,2.593900313037804
32488,20140828050457120.GODA.3-8.fb1,GODA,65.037,-16.8598,2014-08-28 05:04:57.120,2014,240.212,65.1152,-16.8173,8.93968,1.8,-12345,-12345,49.138,14.3,15.686316,5.21908,0.07875,0.006563,27.0,7.5,0.0,anginc_corr,ass_5_16,Apr,comment,50,ACl,3.0,8,22.138,0.0588052,1,6.92144823,26,27279.27,-1409201985.0,4.41576,1.266,43.93115979071686,62.45519550989654,9.758474928929068,3.743885132412242,2.606510238374096,2.1031973089378653,2.453337630495942
32489,20130914215347820.GODA.3-8.fb1,GODA,65.037,-16.8598,2013-09-14 21:53:47.820,2013,257.912,65.014,-16.6659,9.49415,2.1,-12345,-12345,136.948,14.099999,15.515383,7.22467,0.175,0.00625,-12.0,6.75,0.0,anginc_corr,ass_5_16,Apr,comment,25,ACl,3.0,8,31.052,0.0588052,1,4.98086452,35,4093.991,-1379195985.0,3.70066,1.266,43.22111578553001,71.9670267577346,10.296022516375604,3.885402484872768,2.6499243145238163,4.501755938475327,2.599647583912038
32490,20130905234854120.GODA.3-8.fb1,GODA,65.037,-16.8598,2013-09-05 23:48:54.120,2013,248.992,65.0212,-16.6702,9.1112,2.0,-12345,-12345,141.008,13.9,15.879492,3.26472,0.175,0.00375,3.0,7.0,0.0,anginc_corr,ass_5_15,Apr,comment,25,ACl,3.0,8,41.992,0.0588052,1,3.86108613,49,1763.03,-1378424985.0,3.27436,1.266,43.57548987262713,71.22895997962279,9.8972634966074,3.765554135396641,2.628368399639242,4.644883683226908,2.520095806948958
32491,20131114161300060.GODA.3-8.fb1,GODA,65.037,-16.8598,2013-11-14 16:13:00.060,2013,318.675,65.0203,-16.6744,8.93588,2.0,-12345,-12345,101.066,14.7,15.427098,3.77323,0.125,0.00375,56.0,6.75,0.0,anginc_corr,ass_5_16,Apr,comment,25,ACl,3.0,8,45.066,0.0588052,1,6.9587903,32,2496.336,-1384445985.0,4.85157,1.266,43.63460630710141,71.41254909041814,9.71944451612113,3.706241689921501,2.6224529669912027,3.371730277979168,2.506934097061584
32492,20140820191748700.GODA.4-10.fb1,GODA,65.037,-16.8598,2014-08-20 19:17:48.700,2014,232.804,65.0149,-16.6659,9.46732,1.9,-12345,-12345,46.423,14.7,15.479596,3.07729,0.08625,0.006563,-14.0,9.25,0.0,anginc_corr,ass_5_15,Apr,comment,50,ACl,4.0,10,60.423,0.0588052,1,4.45302725,19,38058.97,-1408561985.0,5.17394,1.266,43.53149254226933,65.9411589806464,10.276877535906088,3.9014808934770846,2.634096594728448,2.2104289864557813,2.529899784192021
32493,20140909184856380.GODA.2-6.fb1,GODA,65.037,-16.8598,2014-09-09 18:48:56.380,2014,252.784,65.0212,-16.6765,8.8173,2.0,-12345,-12345,173.674,13.9,15.488245,3.99132,0.195,0.0075,25.0,7.25,0.0,anginc_corr,ass_5_16,Apr,comment,25,ACl,2.0,6,31.326,0.0588052,1,4.35099459,27,45796.11,-1410288985.0,3.6859,1.266,43.65957604857984,71.49056669337968,9.600135419036254,3.666031870640336,2.618672111369132,5.315345692270057,2.5013787091340145
32494,20140726073725100.GODA.1-8.fb1,GODA,65.037,-16.8598,2014-07-26 07:37:25.100,2014,207.317,65.0695,-16.8169,4.13905,2.4,-12345,-12345,76.015,13.9,16.061302,4.59412,0.08,0.005,-46.0,6.25,0.0,anginc_corr,ass_5_16,Apr,comment,50,ACl,1.0,8,57.985,0.0588052,1,3.46429205,54,102492.4,-1406359985.0,2.25586,1.266,43.52876205143969,99.17979182824465,4.904617570313756,2.0292029100848614,2.417016822683664,3.940903995059841,2.4000000000000004
32495,20131124004544180.GODA.4-10.fb1,GODA,65.037,-16.8598,2013-11-24 00:45:44.180,2013,328.032,65.0686,-16.8148,4.10328,2.5,-12345,-12345,13.647,13.9,15.375261,8.56494,0.025,0.000625,-30.0,7.5,0.0,anginc_corr,ass_5_15,Apr,comment,25,ACl,4.0,10,43.647,0.0588052,1,30.4296227,57,1138.987,-1385253985.0,6.02948,1.266,42.60236775799375,101.3673918036268,4.91518893821693,2.022699932601588,2.4300138933089466,1.2359245631841986,2.5
32496,20131009183730880.GODA.3-8.fb1,GODA,65.037,-16.8598,2013-10-09 18:37:30.880,2013,282.776,65.0185,-16.6638,9.46734,1.9,-12345,-12345,107.273,13.9,15.558891,8.9933,0.165,0.005,-21.0,5.5,0.0,anginc_corr,ass_5_16,Apr,comment,25,ACl,3.0,8,51.727,0.0588052,1,4.38055182,40,1423.84,-1381343985.0,4.06569,1.266,43.53183311012896,65.94196194975896,10.276109569598631,3.901227755427272,2.6340706602691464,4.227548035376572,2.5298238675682345
32497,20131204095538540.GODA.3-8.fb1,GODA,65.037,-16.8598,2013-12-04 09:55:38.540,2013,338.413,65.014,-16.6595,9.78309,2.1,-12345,-12345,138.389,14.099999,15.52399,6.75521,0.165,0.0075,-11.0,6.25,0.0,anginc_corr,ass_5_15,Apr,comment,25,ACl,3.0,8,30.611,0.0588052,1,3.67024326,31,8103.503,-1386150985.0,4.26136,1.266,43.043839313245975,71.39548967447628,10.602126280384455,3.983908520261472,2.6612373819488746,4.139886801552706,2.640003949797024
32498,20131104095804340.GODA.4-10.fb1,GODA,65.037,-16.8598,2013-11-04 09:58:04.340,2013,308.415,65.0149,-16.6659,9.46732,2.1,-12345,-12345,116.246,13.9,15.403462,3.64985,0.32,0.0075,47.0,8.75,0.0,anginc_corr,ass_5_16,Apr,comment,25,ACl,4.0,10,69.246,0.0588052,1,2.56837249,36,665.5168,-1383558985.0,5.28409,1.266,43.23716156126903,72.01954066871022,10.26791209587524,3.8762965488867343,2.6488974634368896,8.241285095988715,2.59601699779672
32499,20131123120006620.GODA.2-6.fb1,GODA,65.037,-16.8598,2013-11-23 12:00:06.620,2013,327.5,65.0158,-16.668,9.34478,2.0,-12345,-12345,137.754,14.3,15.659637,7.54993,0.18,0.00375,2.0,5.75,0.0,anginc_corr,ass_5_15,Apr,comment,25,ACl,2.0,6,44.246,0.0588052,1,6.3435626,33,13947.68,-1385207985.0,2.91667,1.266,43.46719908252584,70.89661221846089,10.142198052040694,3.846374608725741,2.636820144619426,4.677172053626322,2.544239237119055
32500,20130913054708940.GODA.4-10.fb1,GODA,65.037,-16.8598,2013-09-13 05:47:08.940,2013,256.241,65.1018,-16.7959,7.81774,3.0,-12345,-12345,47.232,14.5,15.413056,6.48235,0.11,0.0025,17.0,3.75,0.0,anginc_corr,ass_5_15,Apr,comment,25,ACl,4.0,10,30.232,0.0588052,1,8.18871307,38,374.5464,-1379050985.0,5.625,1.266,37.63096520120376,67.05066789296275,9.025403561547602,3.261295974985848,2.7674285409151698,3.371933535628102,3.4066173235549204
32501,20131009172421700.GODA.4-10.fb1,GODA,65.037,-16.8598,2013-10-09 17:24:21.700,2013,282.725,65.0176,-16.668,9.29551,2.0,-12345,-12345,128.984,14.5,15.461935,3.01557,0.15,0.00625,-10.0,8.0,0.0,anginc_corr,ass_5_15,Apr,comment,25,ACl,4.0,10,41.016,0.0588052,1,2.61603999,30,110.1066,-1381339985.0,6.83035,1.266,43.49173798116285,70.97148488121218,10.091184031146176,3.829613677588696,2.6350396882591185,3.9153430464956784,2.538764493360908
32502,20160606143759280.GODA.3-8.fb1,GODA,65.037,-16.8598,2016-06-06 14:37:59.280,2016,158.61,65.0892,-16.7916,6.64481,2.5,-12345,-12345,171.4,14.5,15.440891,6.99121,0.035,0.0025,22.0,5.75,0.0,anginc_corr,ass_5_15,Apr,comment,25,ACl,3.0,8,30.6,0.0588052,1,8.94930267,35,156.7181,-1465223985.0,4.7612,1.266,43.55031169225631,86.27413955745152,7.399211519760206,2.8877549873058297,2.5622712287871074,1.211969675134128,2.5257054147129905
32503,20140815021509720.GODA.1-8.fb1,GODA,65.037,-16.8598,2014-08-15 02:15:09.720,2014,227.094,65.0194,-16.668,9.25032,2.0,-12345,-12345,96.518,13.9,16.154608,4.93415,0.29375,0.007812,51.0,6.0,0.0,anginc_corr,ass_5_16,Apr,comment,50,ACl,1.0,8,45.518,0.0588052,1,2.54128075,51,54444.48,-1408068985.0,1.53809,1.266,43.513351316399415,71.0376415520594,10.04450636925234,3.81424577700728,2.63341875602296,7.69000572504126,2.533944298604728
32504,20140807184302300.GODA.3-8.fb1,GODA,65.037,-16.8598,2014-08-07 18:43:02.300,2014,219.78,65.022,-16.6723,8.99386,2.0,-12345,-12345,133.973,14.7,15.739075,7.07947,0.17625,0.006563,-6.0,6.75,0.0,anginc_corr,ass_5_16,Apr,comment,50,ACl,3.0,8,40.027,0.0588052,1,4.7068367,28,9337.29,-1407436985.0,3.71094,1.266,43.6168812182219,71.35733889142456,9.77999144869142,3.7265092830193214,2.62443769917766,4.726985273730833,2.510879061152723
32505,20131123014045720.GODA.2-6.fb1,GODA,65.037,-16.8598,2013-11-23 01:40:45.720,2013,327.07,65.0158,-16.668,9.34478,2.1,-12345,-12345,137.703,13.9,15.659637,8.43882,0.185,0.005,2.0,6.25,0.0,anginc_corr,ass_5_15,Apr,comment,25,ACl,2.0,6,44.297,0.0588052,1,5.19404602,37,70527.25,-1385170985.0,2.91667,1.266,43.30750282424693,72.25135768064914,10.140672469243194,3.834984400145976,2.644253903316321,4.821205957672703,2.580112565780724
32506,20131011014655520.GODA.4-10.fb1,GODA,65.037,-16.8598,2013-10-11 01:46:55.520,2013,284.074,65.014,-16.6659,9.49415,2.1,-12345,-12345,174.641,14.099999,15.479457,4.41156,0.0325,0.00375,-54.0,9.5,0.0,anginc_corr,ass_5_15,Apr,comment,25,ACl,4.0,10,48.641,0.0588052,1,2.81225681,33,232.6131,-1381455985.0,6.73686,1.266,43.22111578553001,71.9670267577346,10.296022516375604,3.885402484872768,2.6499243145238163,0.8364495483448309,2.599647583912038
32507,20141006060058820.GODA.3-8.fb1,GODA,65.037,-16.8598,2014-10-06 06:00:58.820,2014,279.25,65.022,-16.6702,9.09207,2.1,-12345,-12345,123.131,14.099999,15.825818,3.78332,0.17,0.0075,-13.0,10.0,0.0,anginc_corr,ass_5_15,Apr,comment,25,ACl,3.0,8,43.869,0.0588052,1,2.1839025,34,40042.55,-1412574985.0,3.41517,1.266,43.440779850191824,72.69806582025033,9.875841031838265,3.7485976095309774,2.6345428505659005,4.532699955584008,2.550135977165221
32508,20140903000745520.GODA.3-8.fb1,GODA,65.037,-16.8598,2014-09-03 00:07:45.520,2014,246.005,65.0158,-16.6638,9.53824,2.2,-12345,-12345,75.938,13.9,15.800896,8.83677,0.115,0.0025,31.0,6.25,0.0,anginc_corr,ass_5_16,Apr,comment,25,ACl,3.0,8,44.938,0.0588052,1,3.58748174,38,92506.14,-1409702985.0,3.61842,1.266,43.00182463889477,73.17568048996709,10.34388479319043,3.889338438759231,2.659548649741655,2.956155079030509,2.6496382253963127
32509,20140611005035960.GODA.2-6.fb1,GODA,65.037,-16.8598,2014-06-11 00:50:35.960,2014,162.035,65.0687,-16.717,7.59067,3.1,-12345,-12345,34.936,14.5,15.636937,3.37694,0.215,0.00625,-9.0,7.75,0.0,anginc_corr,ass_5_16,Apr,comment,25,ACl,2.0,6,43.936,0.0588052,1,6.26362514,13,10388.08,-1402447985.0,4.875,1.266,37.57687889524151,69.91152014929669,8.777524962825357,3.1780134833346247,2.7619533425060485,6.757509289772656,3.4129315843798924
32510,20131008104128960.GODA.4-10.fb1,GODA,65.037,-16.8598,2013-10-08 10:41:28.960,2013,281.445,65.0212,-16.6702,9.1112,2.0,-12345,-12345,84.561,14.3,15.458238,3.85764,0.185,0.00625,-32.0,9.75,0.0,anginc_corr,ass_5_15,Apr,comment,25,ACl,4.0,10,63.439,0.0588052,1,3.0245645,27,442.9619,-1381228985.0,6.38392,1.266,43.57548987262713,71.22895997962279,9.8972634966074,3.765554135396641,2.628368399639242,4.909994482621016,2.520095806948958
32511,20150731010616880.GODA.4-10.fb1,GODA,65.037,-16.8598,2015-07-31 01:06:16.880,2015,212.046,65.0346,-16.6978,7.63844,2.1,-12345,-12345,2.239,13.9,15.443953,3.70893,0.24375,0.004687,-60.0,7.0,0.0,anginc_corr,ass_5_15,Apr,comment,50,ACl,4.0,10,62.239,0.0588052,1,2.96978354,48,232.7139,-1438304985.0,4.67936,1.266,44.3835176820246,76.21802757539682,8.35650250210762,3.249918841832466,2.571295748848857,7.489669190491455,2.375330519928964
32512,20140829102259520.GODA.1-8.fb1,GODA,65.037,-16.8598,2014-08-29 10:22:59.520,2014,241.433,65.0239,-16.6214,11.3317,1.7,-12345,-12345,164.807,14.7,16.38851,3.00223,0.20625,0.014062,12.0,8.75,0.0,anginc_corr,ass_5_15,Apr,comment,50,ACl,1.0,8,27.193,0.0588052,1,2.9794836,34,292207.7,-1409307985.0,1.82292,1.266,36.82100276230044,47.499147649912615,12.958614284805712,4.54479077374159,2.8513115190421128,4.535828532343089,3.512520652679412
32513,20140904041514420.GODA.3-8.fb1,GODA,65.037,-16.8598,2014-09-04 04:15:14.420,2014,247.177,65.0777,-16.5364,15.8851,0.8,-12345,-12345,141.839,14.5,15.617481,3.45085,0.12,0.0025,-76.0,6.25,0.0,anginc_corr,ass_5_15,Apr,comment,25,ACl,3.0,8,37.839,0.0588052,1,5.16362429,38,38832.14,-1409803985.0,3.8737,1.266,36.363001194951416,39.366240341877685,17.970002291137682,6.190334982945781,2.902912740690866,1.9383236777088089,3.739971154437262
32514,20140829053026720.GODA.1-8.fb1,GODA,65.037,-16.8598,2014-08-29 05:30:26.720,2014,241.229,65.0525,-16.5449,14.9305,0.8,-12345,-12345,94.13,14.3,15.799341,3.27258,0.07875,0.009375,-45.0,8.0,0.0,anginc_corr,ass_5_16,Apr,comment,50,ACl,1.0,8,40.87,0.0588052,1,2.45873117,31,17520.8,-1409289985.0,3.643,1.266,36.535165688381234,39.558134805337815,16.98839994734583,5.90886233076497,2.8750712059907624,1.332684686096286,3.6543133928068015
32515,20160610202937980.GODA.1-8.fb1,GODA,65.037,-16.8598,2016-06-10 20:29:37.980,2016,162.854,65.022,-16.6808,8.60135,1.9,-12345,-12345,82.467,14.7,15.540215,9.40041,0.16,0.00625,-31.0,5.75,0.0,anginc_corr,ass_5_15,Apr,comment,25,ACl,1.0,8,66.533,0.0588052,1,18.2539482,21,110998.8,-1465590985.0,3.27436,1.266,44.08555641438551,67.27642695893243,9.368221822432533,3.604818135916928,2.5988056731881746,4.436320230910695,2.4265384670866768
32516,20140828075752060.GODA.1-8.fb1,GODA,65.037,-16.8598,2014-08-28 07:57:52.060,2014,240.332,65.0212,-16.6596,9.60196,1.6,-12345,-12345,82.391,14.7,15.595578,5.03105,0.17,0.0125,-28.0,7.25,0.0,anginc_corr,ass_5_15,Apr,comment,50,ACl,1.0,8,69.609,0.0588052,1,7.88839626,16,355215.3,-1409212985.0,2.8125,1.266,43.66004470195279,54.71548344830946,10.478157719463631,4.007161051353224,2.61485814649879,4.240497825759348,2.501274462962633
32517,20140903160714480.GODA.3-8.fb1,GODA,65.037,-16.8598,2014-09-03 16:07:14.480,2014,246.672,65.0786,-16.5364,15.9138,0.7,-12345,-12345,138.483,14.5,15.615599,3.67828,0.12,0.0025,-84.0,6.75,0.0,anginc_corr,ass_5_16,Apr,comment,25,ACl,3.0,8,42.483,0.0588052,1,5.44382858,32,66766.16,-1409759985.0,4.88281,1.266,36.37354473688976,38.94116514584938,18.044325429794064,6.235029324848632,2.8940241480311126,1.9244318420135187,3.734719918077743
32518,20131206103137200.GODA.3-8.fb1,GODA,65.037,-16.8598,2013-12-06 10:31:37.200,2013,340.438,65.0319,-16.6893,8.05474,2.1,-12345,-12345,155.426,13.9,15.764775,4.09973,0.19,0.00625,23.0,8.0,0.0,anginc_corr,ass_5_15,Apr,comment,25,ACl,3.0,8,47.574,0.0588052,1,3.70167851,35,934.1653,-1386325985.0,3.75,1.266,44.01120293851985,74.73980386841296,8.798017516307084,3.3937507018280857,2.5924171482507314,5.594145474377399,2.439430176664416
32519,20140830150910120.GODA.1-8.fb1,GODA,65.037,-16.8598,2014-08-30 15:09:10.120,2014,242.631,65.0328,-16.5641,13.9416,2.0,-12345,-12345,168.563,13.9,16.013077,3.28763,0.2,0.00625,25.0,8.75,0.0,anginc_corr,ass_5_16,Apr,comment,25,ACl,1.0,8,36.437,0.0588052,1,2.89005995,53,17792.7,-1409410985.0,2.74784,1.266,36.50430914603227,54.79664174358377,15.496966191771696,5.245213645579562,2.954496659031585,3.811615149713532,3.669651596134407
32520,20140830035045920.GODA.1-8.fb1,GODA,65.037,-16.8598,2014-08-30 03:50:45.920,2014,242.16,65.1224,-16.8131,9.76417,1.3,-12345,-12345,67.272,13.9,15.384432,7.62645,0.0825,0.004687,35.0,5.5,0.0,anginc_corr,ass_5_15,Apr,comment,50,ACl,1.0,8,32.272,0.0588052,1,6.86592245,37,445582.6,-1409370985.0,3.55469,1.266,43.81053150167654,50.62648267956953,10.750479804958486,4.151431601163348,2.5895837479162367,1.987070106217459,2.4745230201015698
32521,20140612041221900.GODA.3-8.fb1,GODA,65.037,-16.8598,2014-06-12 04:12:21.900,2014,163.175,65.0928,-16.7959,6.90695,3.0,-12345,-12345,175.351,14.099999,15.584449,10.4936,0.03,0.00375,16.0,3.5,0.0,anginc_corr,ass_5_16,Apr,comment,25,ACl,3.0,8,20.649,0.0588052,1,14.3378582,44,1034.495,-1402545985.0,4.06436,1.266,41.52231056110136,91.18719691938094,7.795466986522099,2.973227331618057,2.621887301930504,1.008978901552382,3.0
32522,20140915143640700.GODA.1-8.fb1,GODA,65.037,-16.8598,2014-09-15 14:36:40.700,2014,258.609,65.0319,-16.5938,12.5468,2.6,-12345,-12345,50.87,14.3,16.090605,4.30027,0.1275,0.01125,23.0,10.0,0.0,anginc_corr,ass_5_15,Apr,comment,25,ACl,1.0,8,27.87,0.0588052,1,2.86559272,41,345178.1,-1410791985.0,1.34277,1.266,36.57328676578957,60.47246785417224,13.92495257656199,4.721103602216294,2.9495121797422543,2.7001474936142245,3.635372576477424
32523,20160615114432640.GODA.4-10.fb1,GODA,65.037,-16.8598,2016-06-15 11:44:32.640,2016,167.489,65.0194,-16.6702,9.15271,2.2,-12345,-12345,122.191,13.9,15.566268,4.86433,0.18,0.006875,-18.0,8.0,0.0,anginc_corr,ass_5_15,Apr,comment,25,ACl,4.0,10,39.809,0.0588052,1,3.24534011,36,96.63884,-1465990985.0,5.625,1.266,43.23051363489663,74.00502202468233,9.937802423497589,3.7582172669047593,2.6442862979239865,4.786761337768297,2.59752107019945
32524,20140611111215960.GODA.4-10.fb1,GODA,65.037,-16.8598,2014-06-11 11:12:15.960,2014,162.467,65.0185,-16.668,9.27243,2.3,-12345,-12345,139.517,14.5,15.408173,4.40368,0.4,0.001875,76.0,8.75,0.0,anginc_corr,ass_5_15,Apr,comment,25,ACl,4.0,10,63.517,0.0588052,1,3.69900799,28,776.7468,-1402484985.0,7.29167,1.266,42.94634414749852,75.10308844440146,10.072200951338177,3.7905645639473184,2.657176993405292,10.523303169610545,2.6623704092632794
32525,20140827103136320.GODA.3-8.fb1,GODA,65.037,-16.8598,2014-08-27 10:31:36.320,2014,239.439,65.0212,-16.6426,10.3889,0.9,-12345,-12345,95.449,14.099999,15.655887,3.62273,0.22125,0.004687,-23.0,6.5,0.0,anginc_corr,ass_5_15,Apr,comment,50,ACl,3.0,8,61.551,0.0588052,1,4.72802925,25,31866.31,-1409134985.0,4.16667,1.266,43.66560125620939,48.20331881258639,11.51281605082,4.476063700042532,2.5720849439007325,4.939943564018989,2.5000415487436314
32526,20150728094602200.GODA.3-8.fb1,GODA,65.037,-16.8598,2015-07-28 09:46:02.200,2015,209.407,65.0149,-16.685,8.60238,2.2,-12345,-12345,54.376,13.9,15.659749,4.7491,0.13875,0.005625,-74.0,6.75,0.0,anginc_corr,ass_5_15,Apr,comment,50,ACl,3.0,8,51.624,0.0588052,1,2.60159564,39,177.785,-1438076985.0,3.58953,1.266,43.50925723043797,75.07176986640802,9.367853320491342,3.5714426594450983,2.6229885829797537,3.883519868201546,2.534857227035632
32527,20150617085056200.GODA.4-10.fb1,GODA,65.037,-16.8598,2015-06-17 08:50:56.200,2015,168.369,65.022,-16.6702,9.09207,2.1,-12345,-12345,135.092,14.099999,15.554158,3.97036,0.1725,0.00375,-6.0,8.25,0.0,anginc_corr,ass_5_16,Apr,comment,25,ACl,4.0,10,38.908,0.0588052,1,3.37370396,26,79.24541,-1434530985.0,5.82735,1.266,43.440779850191824,72.69806582025033,9.875841031838265,3.7485976095309774,2.6345428505659005,4.599287353055104,2.550135977165221
32528,20140830184216260.GODA.2-6.fb1,GODA,65.037,-16.8598,2014-08-30 18:42:16.260,2014,242.779,65.031,-16.5238,15.848,2.0,-12345,-12345,113.008,14.7,15.493269,3.19042,0.11,0.0075,-46.0,6.25,0.0,anginc_corr,ass_5_16,Apr,comment,25,ACl,2.0,6,20.992,0.0588052,1,11.8245859,16,7004.717,-1409423985.0,3.60577,1.266,36.11352941131658,54.05314463149281,17.457954709274283,5.804476842799618,3.007670662159788,1.8949188446427456,3.86442837322193
32529,20140801023201220.GODA.4-10.fb1,GODA,65.037,-16.8598,2014-08-01 02:32:01.220,2014,213.105,65.022,-16.668,9.19036,2.2,-12345,-12345,32.983,14.5,15.466613,4.08245,0.24,0.004687,65.0,8.5,0.0,anginc_corr,ass_5_15,Apr,comment,50,ACl,4.0,10,32.017,0.0588052,1,2.69852567,26,133.5055,-1406859985.0,4.72722,1.266,43.20532054848758,73.91177618255797,9.983316276074646,3.7730076272421074,2.6459835925038893,6.354551639642736,2.6032224154267487
32530,20151018053913680.GODA.4-10.fb1,GODA,65.037,-16.8598,2015-10-18 05:39:13.680,2015,291.235,65.0194,-16.6702,9.15271,2.1,-12345,-12345,110.449,13.9,15.552671,5.41894,0.16,0.005,-31.0,8.25,0.0,anginc_corr,ass_5_16,Apr,comment,25,ACl,4.0,10,38.551,0.0588052,1,3.24949527,46,680.4059,-1445146985.0,4.875,1.266,43.410332301594174,72.59512233732548,9.93641780943996,3.768469817648568,2.6367247955404984,4.243843440709583,2.556935026798765
32531,20160609012358320.GODA.4-10.fb1,GODA,65.037,-16.8598,2016-06-09 01:23:58.320,2016,161.058,65.005,-16.738,6.76645,2.6,-12345,-12345,28.126,13.9,15.399303,3.91674,0.13,0.003125,-13.0,6.0,0.0,anginc_corr,ass_5_16,Apr,comment,25,ACl,4.0,10,41.126,0.0588052,1,3.29496145,34,452.2596,-1465434985.0,8.44109,1.266,43.16010049219703,87.31337154838013,7.530959164497835,2.9231041241757114,2.5763567921554955,4.445130147221477,2.613461889622064
32532,20131122145840560.GODA.4-10.fb1,GODA,65.037,-16.8598,2013-11-22 14:58:40.560,2013,326.624,65.022,-16.6723,8.99386,2.1,-12345,-12345,128.201,14.7,15.407846,5.60188,0.13,0.003125,73.0,5.5,0.0,anginc_corr,ass_5_15,Apr,comment,25,ACl,4.0,10,55.201,0.0588052,1,6.46383238,21,470.0951,-1385131985.0,7.3125,1.266,43.48896380337702,72.86209382024254,9.77507928890376,3.7154446961968977,2.6309311773391384,3.497838005856835,2.539383313996717
32533,20140623232109640.GODA.2-3.fb1,GODA,65.037,-16.8598,2014-06-23 23:21:09.640,2014,174.973,65.0212,-16.668,9.20929,2.6,-12345,-12345,172.037,14.7,15.775478,3.29748,0.29,0.0125,-74.0,7.0,0.0,anginc_corr,ass_5_15,Apr,comment,25,ACl,2.0,3,66.037,0.0588052,1,19.6209831,18,24.5044,-1403565985.0,2.8776,1.266,36.84386766931778,61.12171556693124,10.568794228223688,3.7318575602017385,2.832046523140169,7.75923260926632,3.501201041585647
32534,20160603044816080.GODA.4-10.fb1,GODA,65.037,-16.8598,2016-06-03 04:48:16.080,2016,155.2,65.0203,-16.6702,9.13145,2.0,-12345,-12345,52.027,14.099999,15.609296,4.72199,0.36,0.005,-62.0,9.25,0.0,anginc_corr,ass_5_15,Apr,comment,25,ACl,4.0,10,65.973,0.0588052,1,2.13231826,42,295.3322,-1464928985.0,5.21851,1.266,43.56735602177687,71.20382118511674,9.917999351283957,3.772432203906994,2.629072920386,9.521287233017617,2.5219077432191765
32535,20131011054021120.GODA.4-10.fb1,GODA,65.037,-16.8598,2013-10-11 05:40:21.120,2013,284.236,65.0149,-16.6659,9.46732,2.1,-12345,-12345,127.682,13.9,15.448009,3.58427,0.17,0.005,-15.0,7.5,0.0,anginc_corr,ass_5_15,Apr,comment,25,ACl,4.0,10,37.318,0.0588052,1,3.24953771,44,938.3401,-1381469985.0,6.72554,1.266,43.23716156126903,72.01954066871022,10.26791209587524,3.8762965488867343,2.6488974634368896,4.383522595809097,2.59601699779672
32536,20140802161337980.GODA.4-10.fb1,GODA,65.037,-16.8598,2014-08-02 16:13:37.980,2014,214.676,65.0212,-16.6744,8.91524,2.0,-12345,-12345,54.955,13.9,15.298972,4.07941,0.03,0.002812,-4.0,9.0,0.0,anginc_corr,ass_5_15,Apr,comment,50,ACl,4.0,10,58.955,0.0588052,1,5.29889727,39,405.7853,-1406995985.0,6.33413,1.266,43.64004081893569,71.42950498007698,9.698491045211822,3.699207911796879,2.621775060083284,0.810971090561452,2.505724804182228
32537,20130910175010660.GODA.4-10.fb1,GODA,65.037,-16.8598,2013-09-10 17:50:10.660,2013,253.743,65.0203,-16.6702,9.13145,2.1,-12345,-12345,38.051,13.9,15.50147,3.4832,0.075,0.00375,-7.0,10.0,0.0,anginc_corr,ass_5_15,Apr,comment,25,ACl,4.0,10,45.051,0.0588052,1,2.06808424,47,297.8393,-1378834985.0,3.94436,1.266,43.4215217562846,72.63289127827254,9.914397038405172,3.761250898043772,2.6359307866331525,1.993819298856181,2.5544359829521186
32538,20150926001011900.GODA.3-8.fb1,GODA,65.037,-16.8598,2015-09-26 00:10:11.900,2015,269.007,65.0212,-16.6702,9.1112,2.1,-12345,-12345,125.635,14.7,15.605115,7.2315,0.17,0.0025,-12.0,5.25,0.0,anginc_corr,ass_5_16,Apr,comment,25,ACl,3.0,8,42.365,0.0588052,1,9.93573284,34,664.0726,-1443225985.0,3.61064,1.266,43.4320188817722,72.66838947706557,9.89348835006026,3.754391281555004,2.635177744702877,4.525712384489111,2.552091983201348
32539,20150731184316060.GODA.3-8.fb1,GODA,65.037,-16.8598,2015-07-31 18:43:16.060,2015,212.78,65.0212,-16.6723,9.0132,2.3,-12345,-12345,111.612,13.9,15.486719,4.67401,0.15375,0.004687,-24.0,7.25,0.0,anginc_corr,ass_5_16,Apr,comment,50,ACl,3.0,8,44.388,0.0588052,1,3.19942665,44,275.5073,-1438367985.0,3.71094,1.266,43.09864719998952,75.73035405065777,9.798386822814534,3.702078153644816,2.6467260863111988,4.151283513824922,2.627446010975677
32540,20150703093306800.GODA.3-8.fb1,GODA,65.037,-16.8598,2015-07-03 09:33:06.800,2015,184.398,65.022,-16.6765,8.79752,2.1,-12345,-12345,143.061,14.7,15.541988,8.43227,0.165,0.00375,4.0,6.5,0.0,anginc_corr,ass_5_15,Apr,comment,25,ACl,3.0,8,40.939,0.0588052,1,4.28146887,28,600.4276,-1435915985.0,3.50477,1.266,43.573871848444014,73.15458186483603,9.57462782293012,3.6490945910456265,2.6238365665896777,4.5193607433709815,2.520456226406352
32541,20131005083007560.GODA.4-10.fb1,GODA,65.037,-16.8598,2013-10-05 08:30:07.560,2013,278.354,65.0212,-16.668,9.20929,2.0,-12345,-12345,103.01,13.9,15.513164,4.2608,0.12,0.00375,58.0,10.0,0.0,anginc_corr,ass_5_15,Apr,comment,25,ACl,4.0,10,45.01,0.0588052,1,2.28808975,32,744.4142,-1380961985.0,4.6875,1.266,43.53218932728566,71.09546563153964,10.002210834071748,3.800293402801536,2.6319575290418955,3.15686421833874,2.529744462988821
32542,20141003072659900.GODA.4-10.fb1,GODA,65.037,-16.8598,2014-10-03 07:26:59.900,2014,276.31,65.0212,-16.6489,10.0936,1.9,-12345,-12345,60.733,13.9,15.544238,3.11752,0.16,0.00625,-57.0,9.5,0.0,anginc_corr,ass_5_16,Apr,comment,25,ACl,4.0,10,62.267,0.0588052,1,3.33431482,40,4103.168,-1412320985.0,4.48803,1.266,43.18009074977363,65.12329510112,10.934855736071553,4.115243784818522,2.6571586782807737,3.886515316172279,2.608934429071902
32543,20151015160616820.GODA.4-10.fb1,GODA,65.037,-16.8598,2015-10-15 16:06:16.820,2015,288.671,65.0212,-16.6702,9.1112,2.1,-12345,-12345,64.489,13.9,15.4357,3.9281,0.1075,0.00375,28.0,9.5,0.0,anginc_corr,ass_5_15,Apr,comment,25,ACl,4.0,10,36.489,0.0588052,1,2.83723378,49,591.5302,-1444924985.0,7.76428,1.266,43.4320188817722,72.66838947706557,9.89348835006026,3.754391281555004,2.635177744702877,2.862727066067805,2.552091983201348
32544,20131011021313680.GODA.3-8.fb1,GODA,65.037,-16.8598,2013-10-11 02:13:13.680,2013,284.092,65.0149,-16.6659,9.46732,2.1,-12345,-12345,124.053,13.9,15.53145,5.47528,0.175,0.00375,-17.0,5.0,0.0,anginc_corr,ass_5_15,Apr,comment,25,ACl,3.0,8,38.947,0.0588052,1,4.23629284,52,1991.006,-1381457985.0,5.49569,1.266,43.23716156126903,72.01954066871022,10.26791209587524,3.8762965488867343,2.6488974634368896,4.512320413665094,2.59601699779672
32545,20140903144636340.GODA.4-10.fb1,GODA,65.037,-16.8598,2014-09-03 14:46:36.340,2014,246.616,65.0829,-16.8128,5.5723,3.1,-12345,-12345,79.7,13.9,15.480083,3.04532,0.1275,0.003125,-51.0,9.0,0.0,anginc_corr,ass_5_15,Apr,comment,25,ACl,4.0,10,49.3,0.0588052,1,3.82516575,41,6881.729,-1409755985.0,6.7029,1.266,40.28291508163631,95.2904027283521,6.5489051995001,2.539921977700042,2.5783883351528325,5.016680867724688,3.1
32546,20131109170707760.GODA.4-10.fb1,GODA,65.037,-16.8598,2013-11-09 17:07:07.760,2013,313.713,65.0212,-16.6702,9.1112,1.8,-12345,-12345,133.204,13.9,15.448044,8.62297,0.1325,0.005,79.0,8.5,0.0,anginc_corr,ass_5_15,Apr,comment,25,ACl,4.0,10,54.204,0.0588052,1,2.97775269,29,1424.052,-1384016985.0,7.50812,1.266,43.76934738595632,62.134434918306354,9.923553978545083,3.796042404707842,2.6141841740856,3.489414838543325,2.4817658089168075
32547,20140929230739780.GODA.4-10.fb1,GODA,65.037,-16.8598,2014-09-29 23:07:39.780,2014,272.964,65.0919,-16.8129,6.50087,3.4,-12345,-12345,50.402,13.9,15.343015,11.8673,0.0375,0.003125,22.0,6.5,0.0,anginc_corr,ass_5_16,Apr,comment,25,ACl,4.0,10,28.402,0.0588052,1,10.7538023,41,34280.98,-1412031985.0,6.42491,1.266,37.30229876856996,82.42219406322388,7.684364869997434,2.8275709091606105,2.7176559375052443,1.3261683756923048,3.445216770910287
32548,20131105142606980.GODA.4-10.fb1,GODA,65.037,-16.8598,2013-11-05 14:26:06.980,2013,309.601,65.0095,-16.6871,8.70159,2.1,-12345,-12345,29.815,13.9,15.566198,3.2545,0.07,0.00375,75.0,10.0,0.0,anginc_corr,ass_5_15,Apr,comment,25,ACl,4.0,10,45.185,0.0588052,1,2.14388227,41,1581.1,-1383661985.0,5.62764,1.266,43.609694171450805,73.27934508633163,9.473314556015453,3.615328907802829,2.620318869348112,1.9360186165855,2.512478969400637
32549,20140903052226120.GODA.4-10.fb1,GODA,65.037,-16.8598,2014-09-03 05:22:26.120,2014,246.224,65.04,-16.5832,13.0364,1.0,-12345,-12345,108.838,13.9,15.472774,3.4948,0.04,0.00125,-29.0,7.25,0.0,anginc_corr,ass_5_15,Apr,comment,25,ACl,4.0,10,42.162,0.0588052,1,6.8764863,42,8788.102,-1409721985.0,5.54037,1.266,36.75015133546918,40.693361131319605,14.972248565314535,5.2771743470258246,2.837171482453064,0.7579705132002346,3.5476181732397425
32550,20150814230430920.GODA.1-8.fb1,GODA,65.037,-16.8598,2015-08-14 23:04:30.920,2015,226.961,65.0658,-16.8509,3.23457,2.3,-12345,-12345,171.682,13.9,15.702945,5.94363,0.1725,0.002812,-33.0,3.75,0.0,anginc_corr,ass_5_15,Apr,comment,50,ACl,1.0,8,24.682,0.0588052,1,5.81774569,61,700540.1,-1439592985.0,4.25,1.266,42.40867402593359,106.94120997257978,4.028662475673253,1.713222833164678,2.351511080570575,10.043352180383993,2.3
32551,20150911232243160.GODA.3-8.fb1,GODA,65.037,-16.8598,2015-09-11 23:22:43.160,2015,254.974,65.0838,-16.7979,5.97481,2.6,-12345,-12345,62.98,13.9,15.553376,11.4767,0.1125,0.005,-61.0,7.25,0.0,anginc_corr,ass_5_16,Apr,comment,25,ACl,3.0,8,56.02,0.0588052,1,4.10327291,56,1239.535,-1442013985.0,5.85938,1.266,43.21456461083585,90.75599573440589,6.750729429966045,2.6583782343987483,2.5394164542175743,4.230010406948992,2.6
32552,20150731061045920.GODA.3-8.fb1,GODA,65.037,-16.8598,2015-07-31 06:10:45.920,2015,212.257,65.0874,-16.8022,6.23616,2.4,-12345,-12345,161.599,13.9,15.477821,13.6861,0.04125,0.005625,-77.0,10.0,0.0,anginc_corr,ass_5_15,Apr,comment,50,ACl,3.0,8,58.599,0.0588052,1,5.0862937,58,8977.261,-1438322985.0,6.11359,1.266,44.06719723559074,85.49834717338918,6.9658824691097365,2.750832065544765,2.532281979827161,1.4994619943649925,2.4297201517693905
32553,20140826222203080.GODA.2-6.fb1,GODA,65.037,-16.8598,2014-08-26 22:22:03.080,2014,238.932,65.057,-16.5598,14.3038,1.8,-12345,-12345,9.211,14.3,15.772857,3.14809,0.22125,0.002812,-33.0,7.0,0.0,anginc_corr,ass_5_16,Apr,comment,50,ACl,2.0,6,42.211,0.0588052,1,6.0447588,42,8146.239,-1409091985.0,3.61842,1.266,36.48633522571277,49.4573604417254,15.931061773845578,5.398825401695165,2.950838485875728,4.0963944320402845,3.678588910305562
32554,20150709140543520.GODA.4-10.fb1,GODA,65.037,-16.8598,2015-07-09 14:05:43.520,2015,190.587,65.0149,-16.668,9.37089,2.1,-12345,-12345,126.885,14.7,15.437595,3.78125,0.165,0.005,-24.0,5.75,0.0,anginc_corr,ass_5_16,Apr,comment,25,ACl,4.0,10,29.115,0.0588052,1,4.80956125,31,245.8077,-1436450985.0,5.42763,1.266,43.29275802306479,72.20254494544469,10.167950031463016,3.8438535931273696,2.645249041129671,4.290591671862387,2.583444899476718
32555,20160530132851760.GODA.3-8.fb1,GODA,65.037,-16.8598,2016-05-30 13:28:51.760,2016,151.562,65.0158,-16.6617,9.63506,2.0,-12345,-12345,150.549,14.7,15.637803,3.00682,0.185,0.00875,-5.0,5.25,0.0,anginc_corr,ass_5_16,Apr,comment,25,ACl,3.0,8,24.451,0.0588052,1,4.2022686,33,189.2075,-1464614985.0,4.01785,1.266,43.31316736228701,70.43225544841583,10.44270480374591,3.944262907258991,2.647568138657096,4.687779914145551,2.5788325917509995
32556,20140830183635180.GODA.1-8.fb1,GODA,65.037,-16.8598,2014-08-30 18:36:35.180,2014,242.775,65.0319,-16.5216,15.9439,2.0,-12345,-12345,46.62,14.3,16.739611,3.02228,0.3675,0.015,-75.0,8.0,0.0,anginc_corr,ass_5_15,Apr,comment,25,ACl,1.0,8,58.38,0.0588052,1,2.62368226,47,106334.9,-1409423985.0,1.45833,1.266,36.08908137221934,54.006950469161296,17.561124392836486,5.833491550335825,3.010396816607289,6.293590836986951,3.876646425898072
32557,20131202154434060.GODA.4-10.fb1,GODA,65.037,-16.8598,2013-12-02 15:44:34.060,2013,336.656,65.0212,-16.6702,9.1112,2.0,-12345,-12345,106.485,14.3,15.409745,4.40452,0.175,0.004375,-23.0,8.25,0.0,anginc_corr,ass_5_15,Apr,comment,25,ACl,4.0,10,50.515,0.0588052,1,3.19551349,31,1899.024,-1385998985.0,5.90019,1.266,43.57548987262713,71.22895997962279,9.8972634966074,3.765554135396641,2.628368399639242,4.644883683226908,2.520095806948958
32558,20160601030406720.GODA.3-8.fb1,GODA,65.037,-16.8598,2016-06-01 03:04:06.720,2016,153.128,65.022,-16.6702,9.09207,2.0,-12345,-12345,135.384,14.7,15.919612,3.53416,0.225,0.00625,-2.0,7.25,0.0,anginc_corr,ass_5_15,Apr,comment,25,ACl,3.0,8,42.616,0.0588052,1,4.86952066,32,98.90703,-1464749985.0,2.92969,1.266,43.5821769710197,71.2496491712621,9.879767870176904,3.75974512878816,2.62777596133527,5.979099662749832,2.518606339612954
32559,20151018045229660.GODA.4-10.fb1,GODA,65.037,-16.8598,2015-10-18 04:52:29.660,2015,291.203,65.0811,-16.7979,5.71531,2.3,-12345,-12345,8.003,14.7,15.520665,5.2458,0.235,0.0075,29.0,5.75,0.0,anginc_corr,ass_5_15,Apr,comment,25,ACl,4.0,10,20.997,0.0588052,1,5.61820364,23,1124.958,-1445143985.0,5.20834,1.266,44.74072420953984,86.78614875952908,6.409196602526565,2.57123349291612,2.492654447829896,9.12057537314901,2.314957643156058
32560,20151007222306320.GODA.3-8.fb1,GODA,65.037,-16.8598,2015-10-07 22:23:06.320,2015,280.933,65.0328,-16.6935,7.84835,1.9,-12345,-12345,89.757,14.5,15.405483,6.9644,0.28,0.005,-22.0,5.5,0.0,anginc_corr,ass_5_16,Apr,comment,25,ACl,3.0,8,68.243,0.0588052,1,4.74815321,34,4043.244,-1444256985.0,4.07493,1.266,44.816514946612855,69.13994669069133,8.564775952233456,3.3442852696555625,2.561018352694406,8.357870202518214,2.302321644869611
32561,20140713173404440.GODA.3-8.fb1,GODA,65.037,-16.8598,2014-07-13 17:34:04.440,2014,194.732,65.0212,-16.6723,9.0132,1.9,-12345,-12345,133.821,14.7,15.821001,3.60744,0.21375,0.006563,8.0,6.5,0.0,anginc_corr,ass_5_15,Apr,comment,50,ACl,3.0,8,54.179,0.0588052,1,4.91415071,31,274.6585,-1405272985.0,3.48396,1.266,43.66553842208137,66.25882225126053,9.811299546291607,3.745769990657938,2.619301123870734,5.701798895591281,2.500055454249454
32562,20131129041104020.GODA.4-10.fb1,GODA,65.037,-16.8598,2013-11-29 04:11:04.020,2013,333.174,65.0176,-16.668,9.29551,2.2,-12345,-12345,63.071,14.3,15.489135,3.0023,0.115,0.00375,14.0,8.25,0.0,anginc_corr,ass_5_16,Apr,comment,25,ACl,4.0,10,49.071,0.0588052,1,3.72707343,40,2343.157,-1385697985.0,4.98991,1.266,43.14427472090399,73.68782576107193,10.090760721086768,3.8078479662265554,2.649990443574973,3.0193902292666053,2.617047214101317
32563,20140903101031440.GODA.3-8.fb1,GODA,65.037,-16.8598,2014-09-03 10:10:31.440,2014,246.424,65.0776,-16.5024,17.4253,0.8,-12345,-12345,89.422,13.9,15.526898,4.38896,0.24,0.005,29.0,7.75,0.0,anginc_corr,ass_5_15,Apr,comment,25,ACl,3.0,8,60.422,0.0588052,1,4.15711498,28,120819.3,-1409738985.0,5.01302,1.266,36.01496474936717,38.97863103691863,19.57252001578803,6.640013938523346,2.9476624894165067,3.6132705123598896,3.914393595131824
32564,20150726091518500.GODA.1-8.fb1,GODA,65.037,-16.8598,2015-07-26 09:15:18.500,2015,207.386,65.0212,-16.6871,8.32838,1.8,-12345,-12345,112.753,13.9,15.512566,3.48753,0.2925,0.005625,69.0,4.0,0.0,anginc_corr,ass_5_15,Apr,comment,50,ACl,1.0,8,43.753,0.0588052,1,5.34466076,43,851.6647,-1437901985.0,3.48396,1.266,44.57733256890914,63.762936701148746,9.081277924643764,3.526691292484143,2.575013566964933,8.279678639202714,2.34245021880858
32565,20160624123603440.GODA.4-10.fb1,GODA,65.037,-16.8598,2016-06-24 12:36:03.440,2016,176.525,65.0686,-16.8148,4.10328,2.3,-12345,-12345,165.785,13.9,15.464333,6.4409,0.045,0.003125,-76.0,6.0,0.0,anginc_corr,ass_5_16,Apr,comment,25,ACl,4.0,10,61.785,0.0588052,1,14.8661184,42,297.5041,-1466771985.0,5.94262,1.266,44.350326657219135,97.45844846518456,4.826667709035939,2.0112645729133964,2.3998173955027307,2.2371183940649075,2.3
32566,20150621154205720.GODA.4-10.fb1,GODA,65.037,-16.8598,2015-06-21 15:42:05.720,2015,172.654,64.9996,-16.7422,6.94305,3.8,-12345,-12345,83.905,14.7,15.517305,3.21011,0.0575,0.004375,-38.0,9.75,0.0,anginc_corr,ass_5_16,Apr,comment,25,ACl,4.0,10,58.095,0.0588052,1,5.16176367,27,52.52912,-1434900985.0,5.91346,1.266,36.05825999111211,95.33825699080955,8.214821992219084,2.954488111399155,2.7804552539995826,1.9460073657157293,3.8
32567,20150730163804860.GODA.4-10.fb1,GODA,65.037,-16.8598,2015-07-30 16:38:04.860,2015,211.693,65.0766,-16.7979,5.29232,2.3,-12345,-12345,177.727,14.5,15.540628,4.55569,0.03,0.001875,-61.0,6.5,0.0,anginc_corr,ass_5_15,Apr,comment,50,ACl,4.0,10,58.727,0.0588052,1,9.28781319,39,507.323,-1438273985.0,5.2445,1.266,44.82344601786061,89.11533939938947,5.980794201871348,2.422516291351556,2.4688354927572345,1.2383342891553184,2.301169892551832
32568,20140919214419200.GODA.4-10.fb1,GODA,65.037,-16.8598,2014-09-19 21:44:19.200,2014,262.906,65.0586,-16.8615,2.40637,3.5,-12345,-12345,90.626,14.099999,15.38184,4.18455,0.0475,0.005625,65.0,8.75,0.0,anginc_corr,ass_5_16,Apr,comment,25,ACl,4.0,10,25.626,0.0588052,1,5.8078928,42,3777.013,-1411162985.0,7.4369,1.266,25.814244763066505,133.43480753130694,4.2711669949342825,1.6904710549956812,2.526613503562884,2.8093132871632065,3.5
32569,20130912231741580.GODA.4-10.fb1,GODA,65.037,-16.8598,2013-09-12 23:17:41.580,2013,255.97,65.0095,-16.7338,6.69132,2.2,-12345,-12345,97.778,13.9,15.353776,3.44183,0.1325,0.0025,-46.0,6.75,0.0,anginc_corr,ass_5_15,Apr,comment,25,ACl,4.0,10,36.222,0.0588052,1,3.20035815,52,1828.721,-1379027985.0,6.63541,1.266,44.72811455723056,80.99787934388426,7.376024631786228,2.911860240028092,2.533097066401466,4.54800272830127,2.3170766063691453
32570,20150829093413380.GODA.3-8.fb1,GODA,65.037,-16.8598,2015-08-29 09:34:13.380,2015,241.399,65.0194,-16.668,9.25032,2.0,-12345,-12345,133.49,13.9,15.612312,7.14698,0.18,0.008437,-5.0,8.75,0.0,anginc_corr,ass_5_16,Apr,comment,50,ACl,3.0,8,41.51,0.0588052,1,4.06940746,36,1852.22,-1440840985.0,4.01785,1.266,43.513351316399415,71.0376415520594,10.04450636925234,3.81424577700728,2.63341875602296,4.716526024741796,2.533944298604728
32571,20131007223845000.GODA.3-8.fb1,GODA,65.037,-16.8598,2013-10-07 22:38:45.000,2013,280.943,65.0194,-16.6702,9.15271,2.1,-12345,-12345,48.183,13.9,15.708696,7.94474,0.075,0.005,-75.0,8.5,0.0,anginc_corr,ass_5_15,Apr,comment,25,ACl,3.0,8,56.817,0.0588052,1,3.54130507,46,5568.812,-1381185985.0,3.75,1.266,43.410332301594174,72.59512233732548,9.93641780943996,3.768469817648568,2.6367247955404984,1.9900006749750787,2.556935026798765
32572,20150924231413220.GODA.4-10.fb1,GODA,65.037,-16.8598,2015-09-24 23:14:13.220,2015,267.968,65.0319,-16.7084,7.15747,2.5,-12345,-12345,116.039,13.9,15.536261,4.92868,0.04,0.0075,0.0,9.75,0.0,anginc_corr,ass_5_16,Apr,comment,25,ACl,4.0,10,63.961,0.0588052,1,3.10803175,47,422.2599,-1443136985.0,5.32671,1.266,43.41486160522589,84.50349802400488,7.908740471767063,3.059425190629645,2.5850412999114405,1.3073792711765009,2.5559234001254367
32573,20130915011151140.GODA.4-10.fb1,GODA,65.037,-16.8598,2013-09-15 01:11:51.140,2013,258.05,65.014,-16.6659,9.49415,2.1,-12345,-12345,58.135,13.9,15.686316,3.05305,0.12,0.00625,17.0,7.0,0.0,anginc_corr,ass_5_16,Apr,comment,25,ACl,4.0,10,41.135,0.0588052,1,2.96742272,50,316.674,-1379207985.0,4.41576,1.266,43.22111578553001,71.9670267577346,10.296022516375604,3.885402484872768,2.6499243145238163,3.087746968893157,2.599647583912038
32574,20140820013437120.GODA.3-8.fb1,GODA,65.037,-16.8598,2014-08-20 01:34:37.120,2014,232.066,65.0158,-16.6595,9.73195,2.1,-12345,-12345,138.51,13.9,15.773353,4.19425,0.18,0.006563,-16.0,6.25,0.0,anginc_corr,ass_5_16,Apr,comment,50,ACl,3.0,8,25.49,0.0588052,1,3.65480661,37,8270.432,-1408497985.0,3.61064,1.266,43.07581686824899,71.49744583814154,10.54823115457112,3.966615467837059,2.6592522618087115,4.535539968674129,2.632675680117263
32575,20140822082534860.GODA.4-10.fb1,GODA,65.037,-16.8598,2014-08-22 08:25:34.860,2014,234.351,65.0194,-16.6574,9.73919,1.9,-12345,-12345,98.124,14.099999,15.486433,4.09635,0.15375,0.004687,-32.0,7.5,0.0,anginc_corr,ass_5_15,Apr,comment,50,ACl,4.0,10,49.876,0.0588052,1,2.50480342,41,940.227,-1408695985.0,4.96324,1.266,43.39085568158684,65.61131711428827,10.561074031634613,3.994513535726718,2.6438949166592938,3.847604858705722,2.5612899765238195
32576,20140610115136540.GODA.1-8.fb1,GODA,65.037,-16.8598,2014-06-10 11:51:36.540,2014,161.494,65.0185,-16.6702,9.17505,2.2,-12345,-12345,54.924,14.099999,16.628096,3.00595,0.3,0.01125,31.0,5.5,0.0,anginc_corr,ass_5_20,Apr,comment,25,ACl,1.0,8,23.924,0.0588052,1,3.31274223,50,37846.71,-1402400985.0,0.994319,1.266,43.2177080449852,73.95756423350818,9.96102963054307,3.765767621393196,2.645152497980705,7.953903314794175,2.600418756956328
32577,20140829134110420.GODA.2-6.fb1,GODA,65.037,-16.8598,2014-08-29 13:41:10.420,2014,241.57,65.0248,-16.6235,11.2198,1.6,-12345,-12345,116.175,13.9,15.586636,3.79246,0.225,0.00875,67.0,9.0,0.0,anginc_corr,ass_5_15,Apr,comment,50,ACl,2.0,6,49.175,0.0588052,1,4.63149452,29,13036.71,-1409319985.0,2.40625,1.266,36.82988351002107,45.13501812564072,12.886896724305918,4.540449050535878,2.8382427775034644,4.952418499176758,3.508123705058172
32578,20131206032822260.GODA.4-10.fb1,GODA,65.037,-16.8598,2013-12-06 03:28:22.260,2013,340.145,64.995,-16.7867,5.81568,2.5,-12345,-12345,86.614,13.9,15.315779,3.69811,0.0775,0.003125,-35.0,10.0,0.0,anginc_corr,ass_5_15,Apr,comment,25,ACl,4.0,10,58.386,0.0588052,1,4.60393906,38,1695.383,-1386300985.0,8.20772,1.266,43.66227694801141,89.35064481225685,6.562534345869357,2.6027325449022016,2.5214017317003834,2.976980067803936,2.500777938485177
32579,20131012073308920.GODA.4-10.fb1,GODA,65.037,-16.8598,2013-10-12 07:33:08.920,2013,285.315,65.014,-16.6638,9.59039,2.0,-12345,-12345,100.476,13.9,15.518551,4.45383,0.115,0.005,41.0,7.5,0.0,anginc_corr,ass_5_15,Apr,comment,25,ACl,4.0,10,59.476,0.0588052,1,3.53295684,49,463.0647,-1381562985.0,4.54963,1.266,43.33801313647334,70.50651714762154,10.396853345391552,3.929381172117023,2.6459263914551885,2.926043058583616,2.573219784139198
32580,20130926071429000.GODA.4-10.fb1,GODA,65.037,-16.8598,2013-09-26 07:14:29.000,2013,269.302,65.0319,-16.6914,7.95498,2.0,-12345,-12345,51.396,14.5,15.321841,3.84439,0.34,0.0025,-65.0,6.0,0.0,anginc_corr,ass_5_15,Apr,comment,25,ACl,4.0,10,63.604,0.0588052,1,7.05226755,33,41.86926,-1380179985.0,7.29167,1.266,44.43839108364369,74.08943912554338,8.681479564877463,3.3693162956048948,2.576629441469185,10.065508764361653,2.365967060212287
32581,20140828023802000.GODA.3-8.fb1,GODA,65.037,-16.8598,2014-08-28 02:38:02.000,2014,240.11,65.014,-16.6595,9.78309,1.9,-12345,-12345,12.291,14.7,15.422818,3.09532,0.02625,0.008437,-12.0,9.75,0.0,anginc_corr,ass_5_16,Apr,comment,50,ACl,3.0,8,24.291,0.0588052,1,3.49199867,22,6166.423,-1409192985.0,6.39205,1.266,43.36764922074455,65.55721890254823,10.608053605878103,4.009714176650845,2.645588473026422,0.654653114759185,2.566527820142432
32582,20150802090818240.GODA.2-6.fb1,GODA,65.037,-16.8598,2015-08-02 09:08:18.240,2015,214.381,65.0103,-16.808,3.8582,2.2,-12345,-12345,161.065,13.9,15.851802,4.22945,0.08,0.005,21.0,8.0,0.0,anginc_corr,ass_5_15,Apr,comment,50,ACl,2.0,6,39.935,0.0588052,1,2.83918238,48,10219.28,-1438505985.0,3.19602,1.266,44.954158739935416,97.42776567136968,4.536131565680062,1.915434099175441,2.368200277750502,4.174779099597004,2.2
32583,20140820063351140.GODA.1-8.fb1,GODA,65.037,-16.8598,2014-08-20 06:33:51.140,2014,232.273,65.0131,-16.6617,9.71396,2.2,-12345,-12345,164.892,13.9,15.564898,3.21204,0.20625,0.005625,22.0,5.5,0.0,anginc_corr,ass_5_15,Apr,comment,50,ACl,1.0,8,37.108,0.0588052,1,4.71402168,39,15927.96,-1408515985.0,4.54963,1.266,42.88924733576616,72.78059619602669,10.527982120254917,3.948360771275245,2.666418478485333,5.220128186776663,2.675485508324596
32584,20151009092641680.GODA.3-8.fb1,GODA,65.037,-16.8598,2015-10-09 09:26:41.680,2015,282.393,65.0203,-16.668,9.22928,2.1,-12345,-12345,132.285,13.9,15.675708,10.5883,0.18,0.005,-6.0,7.75,0.0,anginc_corr,ass_5_15,Apr,comment,25,ACl,3.0,8,41.715,0.0588052,1,5.47510004,34,8995.404,-1444382985.0,4.28819,1.266,43.36982589287111,72.45899800129688,10.020400602871751,3.7958138220911968,2.6398556600837955,4.7394031870439335,2.5660364464106378
32585,20140821102259860.GODA.2-6.fb1,GODA,65.037,-16.8598,2014-08-21 10:22:59.860,2014,233.433,65.0185,-16.6489,10.1512,2.2,-12345,-12345,64.669,14.5,15.648235,3.30089,0.135,0.0125,-47.0,9.0,0.0,anginc_corr,ass_5_15,Apr,comment,50,ACl,2.0,6,68.331,0.0588052,1,4.72241974,31,3003.038,-1408616985.0,3.19602,1.266,36.83865143391608,57.29561122851733,11.617542202846264,4.082946751241465,2.845381757504876,3.3055322819009803,3.503783118330632
32586,20140828112248560.GODA.1-8.fb1,GODA,65.037,-16.8598,2014-08-28 11:22:48.560,2014,240.474,65.0283,-16.5874,12.8713,0.2,-12345,-12345,37.377,13.9,16.081596,4.06306,0.33,0.01125,-73.0,5.75,0.0,anginc_corr,ass_5_15,Apr,comment,50,ACl,1.0,8,69.623,0.0588052,1,4.32389593,49,38022.38,-1409224985.0,2.16346,1.266,36.8088975269408,37.49597682177569,15.18316963003504,5.523395436682876,2.748883328033711,5.969263632957933,3.5185148983785703
32587,20150618174933980.GODA.4-10.fb1,GODA,65.037,-16.8598,2015-06-18 17:49:33.980,2015,169.743,65.022,-16.6723,8.99386,2.0,-12345,-12345,108.964,13.9,15.563148,4.08084,0.1375,0.005,-27.0,9.5,0.0,anginc_corr,ass_5_15,Apr,comment,25,ACl,4.0,10,44.036,0.0588052,1,2.09696627,37,90.91365,-1434649985.0,5.74597,1.266,43.6168812182219,71.35733889142456,9.77999144869142,3.7265092830193214,2.62443769917766,3.688525148461253,2.510879061152723
32588,20140831231637960.GODA.1-8.fb1,GODA,65.037,-16.8598,2014-08-31 23:16:37.960,2014,243.97,65.0328,-16.5641,13.9416,3.1,-12345,-12345,60.193,13.9,15.40321,3.43193,0.035,0.00625,31.0,8.25,0.0,anginc_corr,ass_5_16,Apr,comment,25,ACl,1.0,8,29.193,0.0588052,1,3.75565195,36,777567.4,-1409526985.0,4.9326,1.266,36.1257243705762,65.22386530814616,15.253700807483506,5.053004295467419,3.018738935402486,0.6926489304419192,3.85833529140088
32589,20140827193824840.GODA.2-3.fb1,GODA,65.037,-16.8598,2014-08-27 19:38:24.840,2014,239.818,65.0229,-16.5026,16.9081,1.0,-12345,-12345,3.892,14.7,15.706294,3.78815,0.265,0.005,-61.0,2.5,0.0,anginc_corr,ass_5_16,Apr,comment,50,ACl,2.0,3,64.892,0.0588052,1,26.6829872,21,708.2624,-1409167985.0,2.04613,1.266,36.09654351687695,39.94170482160354,18.93842706078756,6.417633430915195,2.9509985674091106,4.127489334458545,3.8729167717031263
32590,20140726190837960.GODA.2-6.fb1,GODA,65.037,-16.8598,2014-07-26 19:08:37.960,2014,207.798,65.0194,-16.668,9.25032,2.1,-12345,-12345,153.02,14.7,15.619224,3.8583,0.185,0.0075,8.0,9.0,0.0,anginc_corr,ass_5_15,Apr,comment,50,ACl,2.0,6,34.98,0.0588052,1,6.1768322,18,161.6685,-1406401985.0,2.94859,1.266,43.358878231389845,72.42236748286912,10.042292193043217,3.802948112174556,2.640659797827469,4.861772346242077,2.568508009367041
32591,20160531073109720.GODA.3-8.fb1,GODA,65.037,-16.8598,2016-05-31 07:31:09.720,2016,152.313,65.0203,-16.6702,9.13145,2.0,-12345,-12345,54.492,13.9,15.704481,8.5132,0.35,0.005,7.0,7.0,0.0,anginc_corr,ass_5_15,Apr,comment,25,ACl,3.0,8,47.492,0.0588052,1,3.05744863,47,1062.462,-1464679985.0,4.21698,1.266,43.56735602177687,71.20382118511674,9.917999351283957,3.772432203906994,2.629072920386,9.25795405011769,2.5219077432191765
32592,20140826041129080.GODA.4-10.fb1,GODA,65.037,-16.8598,2014-08-26 04:11:29.080,2014,238.174,65.0472,-16.5768,13.3785,1.9,-12345,-12345,47.517,14.5,15.292991,3.13247,0.02625,0.002812,24.0,5.75,0.0,anginc_corr,ass_5_16,Apr,comment,50,ACl,4.0,10,23.517,0.0588052,1,10.7742262,25,10959.96,-1409025985.0,5.82787,1.266,36.61056015816929,52.24651390104981,14.954983230478684,5.101460498766623,2.9315101497099394,0.5145551210887334,3.616861978586003
32593,20140820032528120.GODA.2-6.fb1,GODA,65.037,-16.8598,2014-08-20 03:25:28.120,2014,232.143,65.0194,-16.6511,10.033,1.9,-12345,-12345,65.606,13.9,15.822824,3.80225,0.38,0.0075,36.0,5.25,0.0,anginc_corr,ass_5_15,Apr,comment,50,ACl,2.0,6,29.606,0.0588052,1,4.49884748,36,20571.47,-1408504985.0,3.13649,1.266,43.22139376508312,65.21835392004864,10.866997924648086,4.0934236782777775,2.6547454597272835,9.263268414308,2.5995846789296646
32594,20160610205622080.GODA.4-10.fb1,GODA,65.037,-16.8598,2016-06-10 20:56:22.080,2016,162.872,65.022,-16.6723,8.99386,2.1,-12345,-12345,86.19,14.7,15.335605,3.78784,0.13,0.004375,-39.0,6.75,0.0,anginc_corr,ass_5_15,Apr,comment,25,ACl,4.0,10,54.81,0.0588052,1,4.63562059,23,52.43475,-1465591985.0,5.65733,1.266,43.48896380337702,72.86209382024254,9.77507928890376,3.7154446961968977,2.6309311773391384,3.497838005856835,2.539383313996717
32595,20140923143541080.GODA.4-10.fb1,GODA,65.037,-16.8598,2014-09-23 14:35:41.080,2014,266.608,65.0203,-16.6447,10.3084,0.8,-12345,-12345,17.875,14.5,15.606165,6.60921,0.035,0.005,-34.0,9.75,0.0,anginc_corr,ass_5_15,Apr,comment,25,ACl,4.0,10,51.875,0.0588052,1,2.66268373,34,7441.431,-1411482985.0,4.67936,1.266,43.87858832470272,47.85964890805148,11.451269304256792,4.479726704460557,2.55624283795137,0.7812857391201078,2.4625652426629703
32596,20131124091559580.GODA.4-10.fb1,GODA,65.037,-16.8598,2013-11-24 09:15:59.580,2013,328.386,65.0686,-16.8169,4.05222,2.5,-12345,-12345,152.2,14.7,15.359871,3.65031,0.0425,0.00125,-79.0,5.0,0.0,anginc_corr,ass_5_16,Apr,comment,25,ACl,4.0,10,51.2,0.0588052,1,40.2990379,21,97.43907,-1385284985.0,5.94262,1.266,42.51277233398188,101.84254882359404,4.869183481024521,2.005932129343862,2.427391939036953,2.118478034842042,2.5
32597,20131005194012360.GODA.3-8.fb1,GODA,65.037,-16.8598,2013-10-05 19:40:12.360,2013,278.819,65.0212,-16.6744,8.91524,1.7,-12345,-12345,151.686,13.9,15.956933,14.0947,0.22,0.00375,15.0,4.5,0.0,anginc_corr,ass_5_15,Apr,comment,25,ACl,3.0,8,43.314,0.0588052,1,6.91825247,38,16013.98,-1381001985.0,2.92969,1.266,44.1647446526862,58.99196189779899,9.723890669653116,3.749219648952689,2.593577218760549,5.862845320559273,2.4128262947688635
32598,20160605012201720.GODA.4-10.fb1,GODA,65.037,-16.8598,2016-06-05 01:22:01.720,2016,157.057,65.0739,-16.8148,4.62636,2.9,-12345,-12345,82.38,14.5,15.532393,3.6814,0.12,0.00375,-62.0,9.5,0.0,anginc_corr,ass_5_15,Apr,comment,25,ACl,4.0,10,35.62,0.0588052,1,3.43246078,33,241.2479,-1465089985.0,5.46177,1.266,40.436894469598286,103.96276748625728,5.576396490795303,2.22253798734633,2.509021903132202,5.39530360244953,2.9000000000000004
32599,20131204111840520.GODA.4-10.fb1,GODA,65.037,-16.8598,2013-12-04 11:18:40.520,2013,338.471,65.014,-16.6638,9.59039,2.0,-12345,-12345,139.559,13.9,15.44054,3.42087,0.05,0.005,21.0,6.75,0.0,anginc_corr,ass_5_15,Apr,comment,25,ACl,4.0,10,61.441,0.0588052,1,4.20406055,42,342.5511,-1386155985.0,6.22596,1.266,43.33801313647334,70.50651714762154,10.396853345391552,3.929381172117023,2.6459263914551885,1.2724134924781083,2.573219784139198
32600,20131105214722580.GODA.3-8.fb1,GODA,65.037,-16.8598,2013-11-05 21:47:22.580,2013,309.908,65.0203,-16.668,9.22928,2.0,-12345,-12345,83.493,14.7,15.424323,10.1634,0.12,0.00375,41.0,9.5,0.0,anginc_corr,ass_5_15,Apr,comment,25,ACl,3.0,8,42.493,0.0588052,1,4.85005617,21,20629.72,-1383687985.0,3.81836,1.266,43.52310753617491,71.0675697004818,10.022808138706596,3.807091305605372,2.632668180022242,3.1512301548666244,2.531769036914775
32601,20140828050416580.GODA.1-8.fb1,GODA,65.037,-16.8598,2014-08-28 05:04:16.580,2014,240.211,65.1152,-16.8173,8.93968,1.4,-12345,-12345,45.735,14.7,15.612614,3.45323,0.08,0.0075,25.0,6.0,0.0,anginc_corr,ass_5_15,Apr,comment,50,ACl,1.0,8,20.735,0.0588052,1,5.91396332,27,505964.8,-1409201985.0,3.21692,1.266,44.5662294425814,52.174796651341495,9.82470412635286,3.8378790047902736,2.5599306580770507,2.084258300868669,2.3443212607707364
32602,20140705144138960.GODA.3-8.fb1,GODA,65.037,-16.8598,2014-07-05 14:41:38.960,2014,186.612,65.0212,-16.668,9.20929,2.1,-12345,-12345,125.196,14.5,15.675925,8.56479,0.185,0.00375,-10.0,5.5,0.0,anginc_corr,ass_5_15,Apr,comment,25,ACl,3.0,8,44.804,0.0588052,1,4.94792604,33,23346.83,-1404570985.0,3.27436,1.266,43.37997300171371,72.49301026119682,9.999588362429146,3.7890349425751073,2.6390858131366866,4.879603358264006,2.563746015933805
32603,20131017090540520.GODA.4-10.fb1,GODA,65.037,-16.8598,2013-10-17 09:05:40.520,2013,290.379,65.0203,-16.6638,9.42515,1.9,-12345,-12345,93.989,13.9,15.61001,4.69488,0.17,0.0075,-32.0,8.0,0.0,anginc_corr,ass_5_15,Apr,comment,25,ACl,4.0,10,54.011,0.0588052,1,2.39359069,43,289.8627,-1382000985.0,5.04808,1.266,43.55071039150528,65.98650198486649,10.232548448023447,3.886853410039078,2.632604672353869,4.371628146493833,2.525616567691573
32604,20160607092242260.GODA.2-6.fb1,GODA,65.037,-16.8598,2016-06-07 09:22:42.260,2016,159.391,65.0238,-16.6871,8.26893,2.0,-12345,-12345,18.238,14.099999,15.555199,3.5695,0.195,0.00375,49.0,4.75,0.0,anginc_corr,ass_5_16,Apr,comment,25,ACl,2.0,6,30.762,0.0588052,1,10.6844969,39,337.6087,-1465290985.0,3.32031,1.266,44.13713342310494,73.04240977663615,9.018645875249502,3.4785792603663506,2.592623367247838,5.601339864658428,2.4176053459271705
32605,20150715052008100.GODA.4-10.fb1,GODA,65.037,-16.8598,2015-07-15 05:20:08.100,2015,196.222,65.0212,-16.6702,9.1112,2.1,-12345,-12345,96.606,14.099999,15.559306,5.29854,0.18375,0.0075,-22.0,8.5,0.0,anginc_corr,ass_5_15,Apr,comment,50,ACl,4.0,10,61.394,0.0588052,1,2.55566621,32,548.1991,-1436937985.0,4.72722,1.266,43.4320188817722,72.66838947706557,9.89348835006026,3.754391281555004,2.635177744702877,4.891341358624857,2.552091983201348
32606,20131017110924840.GODA.4-10.fb1,GODA,65.037,-16.8598,2013-10-17 11:09:24.840,2013,290.465,65.0203,-16.6638,9.42515,2.0,-12345,-12345,100.737,13.9,15.590807,4.8572,0.165,0.005,-23.0,6.75,0.0,anginc_corr,ass_5_16,Apr,comment,25,ACl,4.0,10,56.263,0.0588052,1,3.04763603,45,363.486,-1382007985.0,5.42763,1.266,43.42595387736336,70.7713300223876,10.224118343940932,3.87321745617866,2.639696443490706,4.258093174894384,2.553446244268711
32607,20131103080052400.GODA.4-10.fb1,GODA,65.037,-16.8598,2013-11-03 08:00:52.400,2013,307.334,65.0928,-16.7491,8.1172,3.1,-12345,-12345,171.147,14.5,15.545515,7.56032,0.0625,0.003125,20.0,7.25,0.0,anginc_corr,ass_5_15,Apr,comment,25,ACl,4.0,10,28.853,0.0588052,1,7.77915001,31,673.812,-1383465985.0,5.68647,1.266,36.84482219729927,67.44211078992,9.36755770739816,3.3339506614331245,2.8097469514955096,1.8744881427792848,3.500728561938409
32608,20140826234137480.GODA.1-8.fb1,GODA,65.037,-16.8598,2014-08-26 23:41:37.480,2014,238.987,65.014,-16.6595,9.78309,2.2,-12345,-12345,1.522,14.099999,15.783123,3.99683,0.3,0.014062,-67.0,7.25,0.0,anginc_corr,ass_5_15,Apr,comment,50,ACl,1.0,8,68.522,0.0588052,1,2.69956994,54,184534.0,-1409095985.0,3.58953,1.266,42.84348201366178,72.62227458660621,10.605039096883164,3.9728843128104407,2.669355123854865,7.540455193976925,2.686034835701556
32609,20131004082406380.GODA.4-10.fb1,GODA,65.037,-16.8598,2013-10-04 08:24:06.380,2013,277.35,65.0946,-16.7959,7.08711,3.0,-12345,-12345,2.948,13.9,15.509607,6.79604,0.04,0.00375,-67.0,4.25,0.0,anginc_corr,ass_5_15,Apr,comment,25,ACl,4.0,10,69.948,0.0588052,1,9.89363003,44,359.9021,-1380874985.0,4.78316,1.266,41.532311736963614,90.33971456161991,7.975172174893265,3.0328424448382365,2.629603192367165,1.318837407330875,3.0
32610,20131017111527460.GODA.4-10.fb1,GODA,65.037,-16.8598,2013-10-17 11:15:27.460,2013,290.469,65.0212,-16.6659,9.30739,2.0,-12345,-12345,115.794,14.7,15.517028,3.97155,0.17,0.03,-8.0,9.0,0.0,anginc_corr,ass_5_15,Apr,comment,25,ACl,4.0,10,56.206,0.0588052,1,3.12924027,29,234.2928,-1382008985.0,4.58777,1.266,43.48622285281646,70.95463517956904,10.102819695126977,3.833439774474181,2.635445002266337,4.432481288667844,2.5399947507318075
32611,20131029191449960.GODA.3-8.fb1,GODA,65.037,-16.8598,2013-10-29 19:14:49.960,2013,302.802,65.0212,-16.668,9.20929,2.0,-12345,-12345,108.022,13.9,15.561332,7.38359,0.16,0.00375,-23.0,6.25,0.0,anginc_corr,ass_5_16,Apr,comment,25,ACl,3.0,8,48.978,0.0588052,1,6.0058136,36,2409.752,-1383073985.0,4.01785,1.266,43.53218932728566,71.09546563153964,10.002210834071748,3.800293402801536,2.6319575290418955,4.208337163530018,2.529744462988821
32612,20140901022803540.GODA.3-8.fb1,GODA,65.037,-16.8598,2014-09-01 02:28:03.540,2014,244.103,65.0767,-16.5024,17.3998,0.9,-12345,-12345,92.34,13.9,15.616244,3.21637,0.24,0.00625,30.0,7.5,0.0,anginc_corr,ass_5_16,Apr,comment,25,ACl,3.0,8,62.34,0.0588052,1,3.19808364,31,26745.79,-1409537985.0,4.86439,1.266,36.00119807094525,39.39640668043673,19.50288042679435,6.596675435230277,2.956471122201504,3.636993149665102,3.92144088825786
32613,20140625104651560.GODA.4-10.fb1,GODA,65.037,-16.8598,2014-06-25 10:46:51.560,2014,176.449,65.014,-16.6701,9.30192,2.1,-12345,-12345,13.144,14.099999,15.507363,3.99357,0.0375,0.00375,-35.0,9.0,0.0,anginc_corr,ass_5_15,Apr,comment,25,ACl,4.0,10,48.144,0.0588052,1,2.47510123,45,282.685,-1403692985.0,5.68061,1.266,43.33078098544262,72.3286615123752,10.096818120607482,3.8207120042676257,2.642653544504173,0.981468817386144,2.5748533330426566
