,1event,stat,slat,slon,5cuspid,year,doy_det,evla,evlo,10dist(ev-stat),depthkm,mag,baz,spol,wbeg,wend,20SNR,tlag,Dtlag,fast,Dfast,25anginc,anginc_corr,type_ini,timestamp,comment,30nyquist,gradeABCNR,filt_lo,filt_HI,spol-fast,35bandang,pickgrade,lambdamax,ndf,lambda2_min,40ttime,maxfreq,Elev,anginc_epi,takeoff_ang_epi,path_length_source_to_station_km,traveltime_source_to_station_s,v_avg_source_to_station_kms,SWA_source_to_station,max_ray_depth_km
45243,20121014020325160.NAUT.3-8.fb1,NAUT,65.0207,-16.5733,2012-10-14 02:03:25.160,2012,288.086,65.0219,-16.7932,10.3672,1.8,-12345,-12345,70.229,13.9,15.756421,6.00361,0.05625,0.005625,18.0,8.25,0.0,anginc_corr,ass_5_15,Apr,comment,50,ACl,3.0,8,52.229,0.0588052,1,2.92826319,48,366.4673,-1350179985.0,3.89648,0.692,43.12786608266331,60.88668345861966,11.23649199737365,4.225413713010273,2.6592643373064027,1.3311716182187183,2.6207655671200243
45244,20120929112110140.NAUT.3-8.fb1,NAUT,65.0207,-16.5733,2012-09-29 11:21:10.140,2012,273.473,65.0149,-16.6532,3.82152,2.2,-12345,-12345,143.048,13.9,15.53145,14.0068,0.06,0.001875,15.0,6.5,0.0,anginc_corr,ass_5_15,Apr,comment,50,ACl,3.0,8,51.952,0.0588052,1,3.75268579,63,51228.31,-1348917985.0,5.49569,0.692,44.91435274497057,97.72767208397175,4.506993285617827,1.9046703750925844,2.366285182231989,3.149370252456407,2.2
45245,20121104092723120.NAUT.4-10.fb1,NAUT,65.0207,-16.5733,2012-11-04 09:27:23.120,2012,309.394,65.0579,-16.5258,4.714,2.9,-12345,-12345,82.931,13.9,15.437295,4.06948,0.12,0.001875,52.0,3.75,0.0,anginc_corr,ass_5_15,Apr,comment,50,ACl,4.0,10,30.931,0.0588052,1,6.8233223,51,2061.984,-1352020985.0,8.85989,0.692,40.57797566345085,103.28130920704784,5.653782932826911,2.2499324023912326,2.5128679096394446,5.329706020224023,2.9000000000000004
45246,20120926193230980.NAUT.3-8.fb1,NAUT,65.0207,-16.5733,2012-09-26 19:32:30.980,2012,270.814,65.0149,-16.6659,4.41396,2.9,-12345,-12345,162.418,13.9,15.46152,4.6205,0.12,0.004687,46.0,9.5,0.0,anginc_corr,ass_5_15,Apr,comment,50,ACl,3.0,8,63.582,0.0588052,1,2.33605576,46,5741.032,-1348687985.0,6.46642,0.692,40.02498983215078,105.7951907403117,5.37974813672549,2.1525588221562857,2.499233972773124,5.570435961860198,2.9000000000000004
45247,20121024044220220.NAUT.1-8.fb1,NAUT,65.0207,-16.5733,2012-10-24 04:42:20.220,2012,298.196,65.0203,-16.668,4.46627,2.3,-12345,-12345,83.704,13.9,15.411134,6.9037,0.12,0.004687,-28.0,6.5,0.0,anginc_corr,ass_5_15,Apr,comment,50,ACl,1.0,8,68.296,0.0588052,1,2.98312807,68,39191.4,-1351053985.0,8.19847,0.692,44.648930885968944,94.5763905967389,5.162295123979767,2.132709291016333,2.4205338935433147,5.622199571269704,2.3
45248,20121006052244700.NAUT.1-8.fb1,NAUT,65.0207,-16.5733,2012-10-06 05:22:44.700,2012,280.224,65.0274,-16.6765,4.92362,2.5,-12345,-12345,94.777,14.099999,15.475648,3.52368,0.15,0.002812,33.0,5.75,0.0,anginc_corr,ass_5_15,Apr,comment,50,ACl,1.0,8,61.777,0.0588052,1,3.35480762,51,89965.81,-1349500985.0,6.63541,0.692,43.47904431797893,94.7399985855159,5.678614847884071,2.295894436918116,2.4733780249525474,6.526444261132269,2.5
45249,20120902020106180.NAUT.4-10.fb1,NAUT,65.0207,-16.5733,2012-09-02 02:01:06.180,2012,246.084,65.0651,-16.5003,6.02542,4.8,-12345,-12345,118.018,13.9,15.424214,7.36053,0.05625,0.004687,49.0,4.75,0.0,anginc_corr,ass_5_15,Apr,comment,50,ACl,4.0,10,69.018,0.0588052,1,8.44741726,41,36462.16,-1346550985.0,8.7717,0.692,31.37873109428297,111.69896763934427,7.866129540776255,2.771602655796724,2.8381158909356943,2.029302751853379,4.8
45250,20121103215523120.NAUT.3-8.fb1,NAUT,65.0207,-16.5733,2012-11-03 21:55:23.120,2012,308.913,65.023,-16.6489,3.57484,2.3,-12345,-12345,4.859,13.9,15.471416,13.1222,0.06,0.000937,56.0,7.0,0.0,anginc_corr,ass_5_15,Apr,comment,50,ACl,3.0,8,51.141,0.0588052,1,7.75426579,42,139360.4,-1351979985.0,5.63965,0.692,43.40729726631574,102.91271071157516,4.322756086165724,1.824883335031576,2.368784898838987,3.2869933305207155,2.3
45251,20120921165111340.NAUT.4-10.fb1,NAUT,65.0207,-16.5733,2012-09-21 16:51:11.340,2012,265.702,64.996,-16.4984,4.4773,3.1,-12345,-12345,87.114,14.7,15.280328,21.8844,0.0225,0.0,67.0,0.25,0.0,anginc_corr,ass_5_15,Apr,comment,50,ACl,4.0,10,20.114,0.0588052,1,49900.8281,24,15.22266,-1348245985.0,8.7717,0.692,38.69402285883353,105.6810185458062,5.544857315221597,2.1923480772646817,2.529186570656119,1.026269860682305,3.1
45252,20120901030140220.NAUT.1-8.fb1,NAUT,65.0207,-16.5733,2012-09-01 03:01:40.220,2012,245.126,65.0472,-16.5811,2.9737,2.9,-12345,-12345,64.367,13.9,15.590502,3.89503,0.09,0.004687,-2.0,7.5,0.0,anginc_corr,ass_5_15,Apr,comment,50,ACl,1.0,8,66.367,0.0588052,1,3.41509056,55,2016674.0,-1346467985.0,3.85561,0.692,34.79978505400544,121.36168749548273,4.193320487926735,1.7171904520608705,2.441965876815912,5.237524972226026,2.9000000000000004
45253,20120817202758200.NAUT.3-8.fb1,NAUT,65.0207,-16.5733,2012-08-17 20:27:58.200,2012,230.853,65.0194,-16.668,4.4685,2.3,-12345,-12345,144.375,13.9,15.325756,5.51996,0.06,0.004687,28.0,8.0,0.0,anginc_corr,ass_5_16,Apr,comment,50,ACl,3.0,8,63.625,0.0588052,1,3.03484082,52,38393.04,-1345234985.0,6.49909,0.692,44.6502652733268,94.5594832652839,5.164437803035355,2.1334789738628697,2.4206649638007174,2.8117521573733484,2.3
45254,20121107070332480.NAUT.3-8.fb1,NAUT,65.0207,-16.5733,2012-11-07 07:03:32.480,2012,312.294,65.0256,-16.7126,6.58908,4.6,-12345,-12345,120.722,14.5,16.095947,3.2575,0.195,0.00875,72.0,9.25,0.0,anginc_corr,ass_5_16,Apr,comment,50,ACl,3.0,8,48.722,0.0588052,1,8.29037857,27,1403.195,-1352271985.0,2.52404,0.692,32.91042806271505,106.30920625562815,8.237814954076853,2.9002154253707264,2.84041484712255,6.716056655248082,4.6
45255,20120930201322120.NAUT.4-10.fb1,NAUT,65.0207,-16.5733,2012-09-30 20:13:22.120,2012,274.842,65.1566,-16.4893,15.6535,3.8,-12345,-12345,153.93,14.099999,15.424214,3.33782,0.22875,0.002812,-80.0,6.5,0.0,anginc_corr,ass_5_15,Apr,comment,50,ACl,4.0,10,53.93,0.0588052,1,4.14565468,38,614.8359,-1349035985.0,8.39389,0.692,34.56879351902116,73.69506105625872,17.17009859548467,5.48241990965608,3.1318466805585814,4.170613191767103,4.555452570228573
45256,20120729174259340.NAUT.1-8.fb1,NAUT,65.0207,-16.5733,2012-07-29 17:42:59.340,2012,211.738,65.0606,-16.5258,4.98022,3.8,-12345,-12345,86.894,14.099999,15.576138,3.03295,0.0525,0.0075,20.0,8.5,0.0,anginc_corr,ass_5_16,Apr,comment,50,ACl,1.0,8,66.894,0.0588052,1,2.68569088,60,80525.88,-1343583985.0,3.66477,0.692,34.31859773582792,107.50522740645664,6.403155552190441,2.392564417617155,2.6762730002344446,2.194034213631824,3.8
45257,20121024232837420.NAUT.1-8.fb1,NAUT,65.0207,-16.5733,2012-10-24 23:28:37.420,2012,298.978,65.0149,-16.6574,4.01871,2.4,-12345,-12345,131.291,13.9,15.629029,3.04625,0.0375,0.00375,2.0,5.25,0.0,anginc_corr,ass_5_15,Apr,comment,50,ACl,1.0,8,50.709,0.0588052,1,3.98647857,85,50396.85,-1351120985.0,4.6875,0.692,43.323348370335445,100.4351829607685,4.778739480181437,1.983243509966237,2.40955760407999,1.8906729598555216,2.4000000000000004
45258,20120722094452260.NAUT.4-10.fb1,NAUT,65.0207,-16.5733,2012-07-22 09:44:52.260,2012,204.406,65.0427,-16.5811,2.47822,2.1,-12345,-12345,46.313,13.9,15.384973,9.71779,0.0525,0.002812,-88.0,6.75,0.0,anginc_corr,ass_5_15,Apr,comment,50,ACl,4.0,10,45.687,0.0588052,1,3.91307425,45,24075.93,-1342949985.0,8.96739,0.692,41.30683014380861,113.57345190747236,3.27129902138088,1.4372909327077128,2.276017295411499,3.6514875846364703,2.1
45259,20121003225041660.NAUT.1-8.fb1,NAUT,65.0207,-16.5733,2012-10-03 22:50:41.660,2012,277.952,65.0203,-16.668,4.46627,2.6,-12345,-12345,102.805,13.9,15.428152,3.30863,0.02625,0.002812,-45.0,7.5,0.0,anginc_corr,ass_5_15,Apr,comment,50,ACl,1.0,8,32.195,0.0588052,1,3.36570859,55,32618.04,-1349304985.0,4.13194,0.692,42.33688135737325,100.4247198259546,5.28442825149654,2.1461301575571268,2.462305574938493,1.2230860368504182,2.6
45260,20121001181637960.NAUT.4-10.fb1,NAUT,65.0207,-16.5733,2012-10-01 18:16:37.960,2012,275.761,65.0167,-16.6617,4.19009,2.5,-12345,-12345,147.155,13.9,15.437295,15.1415,0.12,0.002812,89.0,5.75,0.0,anginc_corr,ass_5_15,Apr,comment,50,ACl,4.0,10,58.155,0.0588052,1,3.58121014,48,16852.12,-1349114985.0,9.57031,0.692,42.72971674587746,100.65739233472516,4.9858542461312005,2.0483806752794123,2.43404671128871,5.853268349767404,2.5
45261,20121012000320140.NAUT.4-10.fb1,NAUT,65.0207,-16.5733,2012-10-12 00:03:20.140,2012,286.002,65.1862,-16.598,18.4879,4.9,-12345,-12345,161.652,13.9,15.272614,6.82677,0.02625,0.0,20.0,4.0,0.0,anginc_corr,ass_5_15,Apr,comment,50,ACl,4.0,10,38.348,0.0588052,1,14.279808,66,1724.526,-1349999985.0,7.96494,0.692,33.2882489109727,79.8405143390811,20.14242160055825,6.18688597826536,3.255663943269512,0.4242826190250071,5.326169227191049
45262,20120927104642100.NAUT.3-8.fb1,NAUT,65.0207,-16.5733,2012-09-27 10:46:42.100,2012,271.449,65.0203,-16.6617,4.16629,2.4,-12345,-12345,121.388,13.9,15.419267,7.85225,0.06,0.001875,55.0,4.75,0.0,anginc_corr,ass_5_15,Apr,comment,50,ACl,3.0,8,66.388,0.0588052,1,4.96487141,64,42941.06,-1348742985.0,7.50812,0.692,43.54958708785953,99.0431472539106,4.918809362862336,2.034366163757113,2.417858422191886,2.948680478168342,2.4000000000000004
45263,20121029214110880.NAUT.4-10.fb1,NAUT,65.0207,-16.5733,2012-10-29 21:41:10.880,2012,303.904,65.1306,-16.5,12.7233,3.8,-12345,-12345,20.057,13.9,15.33265,5.30958,0.12,0.000937,61.0,6.0,0.0,anginc_corr,ass_5_15,Apr,comment,50,ACl,4.0,10,40.943,0.0588052,1,8.15798378,40,7772.254,-1351546985.0,9.05578,0.692,35.55184429868034,79.58918376473207,14.072578022209736,4.648203081624148,3.0275308060104327,2.5812127808279683,4.123571607810494
45264,20121015111337140.NAUT.0.5-5.fb1,NAUT,65.0207,-16.5733,2012-10-15 11:13:37.140,2012,289.468,65.039,-16.7721,9.58798,1.1,-12345,-12345,136.331,14.3,16.23667,8.88786,0.165,0.005,17.0,5.5,0.0,anginc_corr,ass_5_15,Apr,comment,50,ACl,0.5,5,60.669,0.0588052,1,6.55930376,44,4267960.0,-1350299985.0,1.93359,0.692,44.29326328935363,50.10797528858318,10.58443705738788,4.1416971817699695,2.555579655600167,3.982294594381841,2.3907503977041307
45265,20120721153656120.NAUT.1-8.fb1,NAUT,65.0207,-16.5733,2012-07-21 15:36:56.120,2012,203.65,65.039,-16.7764,9.78341,1.2,-12345,-12345,134.096,13.9,15.962546,5.14296,0.17,0.01125,18.0,7.75,0.0,anginc_corr,ass_5_15,Apr,comment,50,ACl,1.0,8,63.904,0.0588052,1,3.15667105,50,98765.62,-1342884985.0,2.87298,0.692,43.93856763605474,50.22819217523496,10.777594931920612,4.181138388143414,2.577669986356581,4.064199362234433,2.452039598412881
45266,20120729074457740.NAUT.4-10.fb1,NAUT,65.0207,-16.5733,2012-07-29 07:44:57.740,2012,211.323,65.0319,-16.6935,5.80248,2.5,-12345,-12345,142.97,13.9,15.398053,4.01738,0.06375,0.0075,26.0,9.75,0.0,anginc_corr,ass_5_15,Apr,comment,50,ACl,4.0,10,63.03,0.0588052,1,2.6474278,53,753.2523,-1343547985.0,9.96094,0.692,43.66295103163085,89.41628081242611,6.544992712368604,2.5967196410912328,2.520484925980753,2.4546507121272043,2.5006280692966163
45267,20120926201800020.NAUT.4-10.fb1,NAUT,65.0207,-16.5733,2012-09-26 20:18:00.020,2012,270.846,65.0203,-16.6659,4.36625,2.3,-12345,-12345,153.476,13.9,15.384973,8.18838,0.11625,0.028125,-86.0,9.5,0.0,anginc_corr,ass_5_15,Apr,comment,50,ACl,4.0,10,59.476,0.0588052,1,1.97952056,43,44498.98,-1348690985.0,9.57031,0.692,44.582676963327394,95.34963811824264,5.066567372963422,2.0982534970505915,2.41465932504592,5.536076979365134,2.3
45268,20120817154125420.NAUT.4-10.fb1,NAUT,65.0207,-16.5733,2012-08-17 15:41:25.420,2012,230.654,65.0247,-16.685,5.28529,3.1,-12345,-12345,134.909,13.9,15.33265,7.33102,0.29625,0.004687,24.0,7.0,0.0,anginc_corr,ass_5_15,Apr,comment,50,ACl,4.0,10,69.091,0.0588052,1,2.81198835,60,22027.07,-1345217985.0,9.57031,0.692,40.003750268223456,98.10794806609604,6.270412854069839,2.445029267698091,2.564555335557685,12.072273270498002,3.1
45269,20121108180116700.NAUT.2-6.fb1,NAUT,65.0207,-16.5733,2012-11-08 18:01:16.700,2012,313.751,65.0337,-16.5641,1.5146,2.6,-12345,-12345,14.859,13.9,15.800453,4.97114,0.06,0.001875,45.0,5.25,0.0,anginc_corr,ass_5_16,Apr,comment,50,ACl,2.0,6,30.141,0.0588052,1,4.25127029,60,33903.61,-1352397985.0,3.66477,0.692,24.859996957906496,142.1270506770996,3.014333388461448,1.2812673502594918,2.352618591155829,4.680298939219085,2.6
45270,20121006040311680.NAUT.3-8.fb1,NAUT,65.0207,-16.5733,2012-10-06 04:03:11.680,2012,280.169,65.0212,-16.6659,4.36631,2.4,-12345,-12345,143.471,13.9,15.466269,5.5063,0.12,0.002812,77.0,5.75,0.0,anginc_corr,ass_5_15,Apr,comment,50,ACl,3.0,8,66.471,0.0588052,1,4.47378922,48,11789.96,-1349495985.0,7.4168,0.692,43.78535688970377,97.32593259815349,5.105979672980123,2.102136394939733,2.4289478481373745,5.703835349387987,2.4000000000000004
45271,20121027223438840.NAUT.4-10.fb1,NAUT,65.0207,-16.5733,2012-10-27 22:34:38.840,2012,301.941,65.0427,-16.5535,2.62299,2.7,-12345,-12345,25.737,14.099999,15.358811,6.82786,0.06,0.001875,-27.0,7.0,0.0,anginc_corr,ass_5_15,Apr,comment,50,ACl,4.0,10,52.737,0.0588052,1,5.92453241,42,9400.129,-1351376985.0,9.27632,0.692,34.57011162651057,123.34409369318756,3.792565985653498,1.5815006790161674,2.398080529445493,3.792500768586393,2.7
45272,20121007205257460.NAUT.2-6.fb1,NAUT,65.0207,-16.5733,2012-10-07 20:52:57.460,2012,281.87,65.0318,-16.7848,10.0442,1.4,-12345,-12345,15.548,14.7,15.947899,6.53753,0.215,0.0075,63.0,9.5,0.0,anginc_corr,ass_5_15,Apr,comment,50,ACl,2.0,6,47.452,0.0588052,1,3.07771564,29,12468.31,-1349642985.0,2.40625,0.692,43.61409137647467,50.93671092723996,10.993989926095844,4.21294460970296,2.609573812286839,5.100000501494151,2.511500085028397
45273,20121022064959320.NAUT.3-8.fb1,NAUT,65.0207,-16.5733,2012-10-22 06:49:59.320,2012,296.284,65.0247,-16.6808,5.08606,2.3,-12345,-12345,39.348,13.9,15.33265,4.25991,0.14625,0.004687,-16.0,7.0,0.0,anginc_corr,ass_5_15,Apr,comment,50,ACl,3.0,8,55.348,0.0588052,1,2.11195469,36,3991.958,-1350888985.0,8.39389,0.692,44.82951000547369,90.28905291402285,5.773620246039843,2.3499279220645146,2.4569350369552887,6.21758030113142,2.3
45274,20121028003837820.NAUT.3-8.fb1,NAUT,65.0207,-16.5733,2012-10-28 00:38:37.820,2012,302.027,65.0185,-16.6617,4.17344,2.4,-12345,-12345,19.835,13.9,15.420722,13.339,0.05625,0.002812,68.0,9.75,0.0,anginc_corr,ass_5_16,Apr,comment,50,ACl,3.0,8,48.165,0.0588052,1,3.54012632,52,101722.8,-1351384985.0,6.62412,0.692,43.55925899327184,98.97899965030568,4.925506038746044,2.036801293771712,2.4182555528649927,2.7611568659111185,2.4000000000000004
45275,20121028120040660.NAUT.4-10.fb1,NAUT,65.0207,-16.5733,2012-10-28 12:00:40.660,2012,302.5,65.0445,-16.5619,2.70428,2.1,-12345,-12345,146.042,13.9,15.398053,19.5562,0.02625,0.000937,-72.0,6.0,0.0,anginc_corr,ass_5_15,Apr,comment,50,ACl,4.0,10,38.042,0.0588052,1,11.2238398,48,985.2558,-1351425985.0,8.57599,0.692,42.76350340226169,109.47846104032531,3.4562632859294333,1.512768123666831,2.284727733125234,1.735098982044292,2.1
45276,20121118041324920.NAUT.2-6.fb1,NAUT,65.0207,-16.5733,2012-11-18 04:13:24.920,2012,323.176,65.0184,-16.4962,3.64255,3.2,-12345,-12345,13.485,13.9,15.632076,5.27466,0.08625,0.002812,64.0,7.25,0.0,anginc_corr,ass_5_15,Apr,comment,50,ACl,2.0,6,50.515,0.0588052,1,4.68976021,37,23600.62,-1353211985.0,4.13194,0.692,35.31237361170114,114.68315629325866,4.905338574260386,1.9527611548887105,2.5120013074717,4.414670782547603,3.2
45277,20121025183534960.NAUT.4-10.fb1,NAUT,65.0207,-16.5733,2012-10-25 18:35:34.960,2012,299.775,65.1395,-16.4808,13.9419,3.6,-12345,-12345,145.39,14.7,15.254167,3.66461,0.12,0.00375,28.0,7.0,0.0,anginc_corr,ass_5_15,Apr,comment,50,ACl,4.0,10,62.61,0.0588052,1,8.58109093,22,1722.704,-1351189985.0,8.29044,0.692,35.44481928548579,76.3356693524377,15.319707285196184,5.009866889765615,3.0579070506827204,2.3949297571050465,4.1686932096158245
45278,20121017041800520.NAUT.1-8.fb1,NAUT,65.0207,-16.5733,2012-10-17 04:18:00.520,2012,291.179,65.022,-16.7869,10.0671,1.1,-12345,-12345,21.421,14.5,15.688089,4.44912,0.195,0.01,82.0,9.75,0.0,anginc_corr,ass_5_15,Apr,comment,50,ACl,1.0,8,60.579,0.0588052,1,2.58809614,38,89487.53,-1350446985.0,3.125,0.692,43.75522618279412,49.44972635210343,11.114035843726256,4.307548604501156,2.5801301074380647,4.5246198242928415,2.4842503639516496
45279,20120720100349140.NAUT.1-8.fb1,NAUT,65.0207,-16.5733,2012-07-20 10:03:49.140,2012,202.419,65.0221,-16.6511,3.66908,2.8,-12345,-12345,166.053,13.9,15.688918,5.43951,0.06,0.005625,52.0,7.5,0.0,anginc_corr,ass_5_16,Apr,comment,50,ACl,1.0,8,65.947,0.0588052,1,2.52349305,56,88329.08,-1342778985.0,4.01526,0.692,38.82803246143002,111.47259609686272,4.680294808227724,1.9078578378109745,2.4531674821210845,3.144111194156096,2.8
45280,20120717002848580.NAUT.4-10.fb1,NAUT,65.0207,-16.5733,2012-07-17 00:28:48.580,2012,199.02,65.092,-16.4938,8.78423,1.2,-12345,-12345,66.54,14.5,15.371892,3.14912,0.0525,0.004687,45.0,7.25,0.0,anginc_corr,ass_5_15,Apr,comment,50,ACl,4.0,10,21.54,0.0588052,1,4.48742104,31,3233.583,-1342484985.0,9.33838,0.692,44.98110123752966,51.53456036419276,9.700313484345418,3.836999692847195,2.5280985824493065,1.368192527158385,2.275009383294165
45281,20120926141131460.NAUT.4-10.fb1,NAUT,65.0207,-16.5733,2012-09-26 14:11:31.460,2012,270.591,65.0167,-16.6617,4.19009,2.4,-12345,-12345,115.321,13.9,15.49986,8.6555,0.15,0.00375,47.0,5.5,0.0,anginc_corr,ass_5_16,Apr,comment,50,ACl,4.0,10,68.321,0.0588052,1,4.60362387,36,12134.29,-1348668985.0,7.06092,0.692,43.58162745432774,98.82891363480176,4.941260708720374,2.042527061347297,2.419189837054597,7.333968847381556,2.4000000000000004
45282,20121006164727400.NAUT.3-8.fb1,NAUT,65.0207,-16.5733,2012-10-06 16:47:27.400,2012,280.7,65.0176,-16.6617,4.1806,2.3,-12345,-12345,154.755,13.9,15.48437,7.51158,0.12,0.001875,-79.0,7.75,0.0,anginc_corr,ass_5_16,Apr,comment,50,ACl,3.0,8,53.755,0.0588052,1,2.71868658,53,25323.07,-1349541985.0,5.83333,0.692,44.42238979625767,96.87283959800662,4.890344402906775,2.034449180864432,2.4037682773815376,5.893281033691267,2.3
45283,20120803015446600.NAUT.4-10.fb1,NAUT,65.0207,-16.5733,2012-08-03 01:54:46.600,2012,216.08,65.1395,-16.4979,13.7142,3.2,-12345,-12345,78.697,14.3,15.334211,3.64359,0.05625,0.00375,17.0,6.25,0.0,anginc_corr,ass_5_15,Apr,comment,50,ACl,4.0,10,61.697,0.0588052,1,7.12582922,39,557.2336,-1343958985.0,7.29668,0.692,36.12123758537455,67.91824759823038,15.02233432543359,4.978262924664039,3.01758556202561,1.129876135595964,3.86057695591106
45284,20120716060605240.NAUT.3-8.fb1,NAUT,65.0207,-16.5733,2012-07-16 06:06:05.240,2012,198.254,65.0113,-16.6807,5.17347,3.4,-12345,-12345,142.695,13.9,15.45188,5.1554,0.09,0.002812,-88.0,8.75,0.0,anginc_corr,ass_5_15,Apr,comment,50,ACl,3.0,8,50.695,0.0588052,1,2.42421913,50,6961.211,-1342418985.0,7.77439,0.692,37.33443654619165,97.25390363874124,6.3423676129897,2.4219661127818424,2.618685529709964,3.714707305847753,3.4000000000000004
45285,20120804043339540.NAUT.3-8.fb1,NAUT,65.0207,-16.5733,2012-08-04 04:33:39.540,2012,217.19,65.014,-16.668,4.52837,2.3,-12345,-12345,177.19,13.9,15.292857,6.46953,0.06,0.000937,56.0,5.75,0.0,anginc_corr,ass_5_16,Apr,comment,50,ACl,3.0,8,58.81,0.0588052,1,5.987463,77,3419.922,-1344054985.0,5.83333,0.692,44.68437735109343,94.10387991949844,5.222994775668827,2.1544882544287907,2.424239150495427,2.784344310850884,2.3
45286,20120709193936140.NAUT.1-8.fb1,NAUT,65.0207,-16.5733,2012-07-09 19:39:36.140,2012,191.819,65.0445,-16.5747,2.65188,2.8,-12345,-12345,15.988,13.9,15.384973,3.18769,0.03,0.005625,-52.0,5.75,0.0,anginc_corr,ass_5_15,Apr,comment,50,ACl,1.0,8,67.988,0.0588052,1,3.5967772,77,27454.48,-1341862985.0,8.78906,0.692,33.75288627134285,124.44610444463606,3.886109659626856,1.6087675302434146,2.415581857895197,1.864619457552408,2.8
45287,20121114205954960.NAUT.4-10.fb1,NAUT,65.0207,-16.5733,2012-11-14 20:59:54.960,2012,319.875,65.0221,-16.6468,3.46926,2.8,-12345,-12345,146.803,13.9,15.424214,7.74885,0.09375,0.002812,78.0,4.75,0.0,anginc_corr,ass_5_15,Apr,comment,50,ACl,4.0,10,68.803,0.0588052,1,5.4387598,43,6752.909,-1352926985.0,8.49497,0.692,38.07555075299858,113.7477377787074,4.51176710615341,1.8454388581622985,2.444820691944388,5.076819075184602,2.8
45288,20120725192450120.NAUT.4-10.fb1,NAUT,65.0207,-16.5733,2012-07-25 19:24:50.120,2012,207.809,65.0131,-16.6638,4.34966,2.3,-12345,-12345,172.749,13.9,15.412384,6.84767,0.06,0.001875,50.0,6.0,0.0,anginc_corr,ass_5_16,Apr,comment,50,ACl,4.0,10,57.251,0.0588052,1,4.5508399,56,10466.45,-1343243985.0,8.52273,0.692,44.57139062667515,95.47058319878028,5.05198816133926,2.092993791933531,2.413761656059274,2.8661182981068123,2.3
45289,20121106050311640.NAUT.3-8.fb1,NAUT,65.0207,-16.5733,2012-11-06 05:03:11.640,2012,311.21,65.0301,-16.5641,1.13713,1.9,-12345,-12345,71.505,13.9,15.437295,6.96166,0.05625,0.002812,35.0,7.75,0.0,anginc_corr,ass_5_15,Apr,comment,50,ACl,3.0,8,36.505,0.0588052,1,4.86358213,39,78791.08,-1352177985.0,8.10429,0.692,27.620533248563504,142.0739203220816,2.21281397191425,1.004285732569647,2.2033709134275608,5.596609765252936,1.9
45290,20120719012323860.NAUT.1-8.fb1,NAUT,65.0207,-16.5733,2012-07-19 01:23:23.860,2012,201.058,65.0794,-16.4981,7.44351,4.1,-12345,-12345,10.62,13.9,15.424214,3.60299,0.18,0.00375,78.0,8.5,0.0,anginc_corr,ass_5_15,Apr,comment,50,ACl,1.0,8,67.38,0.0588052,1,3.12817144,63,14464.94,-1342660985.0,9.17969,0.692,35.30314732982189,96.9930731751458,8.808362560215837,3.1110878344105366,2.8312805774205256,5.780923706354457,4.1
45291,20120804110550540.NAUT.3-8.fb1,NAUT,65.0207,-16.5733,2012-08-04 11:05:50.540,2012,217.462,65.0274,-16.7041,6.21158,4.8,-12345,-12345,39.263,14.3,15.605607,4.86015,0.095,0.00875,-22.0,7.0,0.0,anginc_corr,ass_5_16,Apr,comment,50,ACl,3.0,8,61.263,0.0588052,1,7.90897179,29,519.4086,-1344077985.0,2.72042,0.692,31.651059107596645,110.54943505083727,8.01687955262834,2.817748176711292,2.8451369852309387,3.370528980521925,4.8
45292,20121105092912340.NAUT.1-8.fb1,NAUT,65.0207,-16.5733,2012-11-05 09:29:12.340,2012,310.395,65.0301,-16.5556,1.34178,1.6,-12345,-12345,74.129,13.9,15.424214,7.23136,0.05625,0.001875,36.0,5.75,0.0,anginc_corr,ass_5_15,Apr,comment,50,ACl,1.0,8,38.129,0.0588052,1,5.43667412,55,6146962.0,-1352107985.0,8.99697,0.692,36.65389552185306,135.10086837822945,2.0848692415955585,0.9689783281210984,2.151615966105489,5.800200978742254,1.6
45293,20120725222958260.NAUT.3-8.fb1,NAUT,65.0207,-16.5733,2012-07-25 22:29:58.260,2012,207.937,64.976,-16.9051,16.4292,4.1,-12345,-12345,12.346,14.3,15.43797,4.37809,0.06,0.001875,57.0,7.5,0.0,anginc_corr,ass_5_15,Apr,comment,50,ACl,3.0,8,44.654,0.0588052,1,3.71005297,47,2587.168,-1343254985.0,5.1577,0.692,34.031155889500624,73.98737164476901,17.99227234090175,5.668576340836065,3.174037228939929,1.0584371799637893,4.826964885301931
45294,20121028151750760.NAUT.4-10.fb1,NAUT,65.0207,-16.5733,2012-10-28 15:17:50.760,2012,302.637,65.0472,-16.5556,3.06662,2.1,-12345,-12345,50.554,13.9,15.437295,16.3115,0.14625,0.002812,-9.0,5.5,0.0,anginc_corr,ass_5_15,Apr,comment,50,ACl,4.0,10,59.554,0.0588052,1,5.11980629,49,5251.363,-1351436985.0,8.75,0.692,44.43222533875996,103.57768008959415,3.7684100075607456,1.6369454606243468,2.302098694310461,8.916565203971416,2.1
45295,20121105072352040.NAUT.2-3.fb1,NAUT,65.0207,-16.5733,2012-11-05 07:23:52.040,2012,310.308,65.118,-16.696,12.2879,-0.4,-12345,-12345,48.61,14.5,16.002293,4.98205,0.285,0.00625,-62.0,4.0,0.0,anginc_corr,ass_5_15,Apr,comment,50,ACl,2.0,3,69.39,0.0588052,1,51.8903542,28,690.8947,-1352099985.0,2.34375,0.692,43.4402014575901,41.94356031488103,13.985339149696514,5.579755263665087,2.506443112436832,5.104423825964233,2.550265102493891
45296,20120710112020440.NAUT.4-10.fb1,NAUT,65.0207,-16.5733,2012-07-10 11:20:20.440,2012,192.472,65.0158,-16.6532,3.80578,2.8,-12345,-12345,127.949,13.9,15.434008,4.62535,0.05625,0.010312,17.0,8.25,0.0,anginc_corr,ass_5_15,Apr,comment,50,ACl,4.0,10,69.051,0.0588052,1,2.67777681,51,32954.13,-1341918985.0,7.73438,0.692,39.271659759979,110.02932425011404,4.795439452093419,1.950201537104624,2.45894558119003,2.8837176464904246,2.8
45297,20120718033842100.NAUT.3-8.fb1,NAUT,65.0207,-16.5733,2012-07-18 03:38:42.100,2012,200.152,65.0149,-16.6659,4.41396,4.5,-12345,-12345,172.824,13.9,15.38184,3.06505,0.06,0.00375,56.0,9.0,0.0,anginc_corr,ass_5_16,Apr,comment,50,ACl,3.0,8,63.176,0.0588052,1,2.66358018,52,3062.175,-1342582985.0,7.29338,0.692,29.09194629443924,121.29554353170036,6.384982684500639,2.328379980926414,2.742242562126904,2.576471331339292,4.5
45298,20120918101814560.NAUT.4-10.fb1,NAUT,65.0207,-16.5733,2012-09-18 10:18:14.560,2012,262.429,65.014,-16.6659,4.42977,2.6,-12345,-12345,167.724,13.9,15.294101,11.2245,0.06,0.000937,48.0,4.25,0.0,anginc_corr,ass_5_16,Apr,comment,50,ACl,4.0,10,60.276,0.0588052,1,10.4288359,59,8999.531,-1347963985.0,6.5625,0.692,42.287601038990005,100.71483397951572,5.251763495420199,2.134420072811168,2.460510731846375,2.8105129018413777,2.6
45299,20120926074830980.NAUT.4-10.fb1,NAUT,65.0207,-16.5733,2012-09-26 07:48:30.980,2012,270.325,65.014,-16.6468,3.54599,3.4,-12345,-12345,142.717,13.9,15.384973,7.43019,0.03375,0.006563,77.0,10.0,0.0,anginc_corr,ass_5_15,Apr,comment,50,ACl,4.0,10,65.717,0.0588052,1,3.22430515,48,3102.193,-1348645985.0,9.375,0.692,33.17410383599976,116.48774250056373,4.965637352857283,1.9519997712170656,2.543871892854385,1.7288669058828532,3.4000000000000004
45300,20121024224703120.NAUT.3-8.fb1,NAUT,65.0207,-16.5733,2012-10-24 22:47:03.120,2012,298.949,65.1368,-16.7706,15.9245,5.0,-12345,-12345,47.269,13.9,15.600461,6.85481,0.09,0.004687,-21.0,7.0,0.0,anginc_corr,ass_5_15,Apr,comment,50,ACl,3.0,8,68.269,0.0588052,1,4.77159166,33,8935.854,-1351118985.0,4.26136,0.692,33.49011699214546,84.01940120076664,17.529258630095907,5.481660101034889,3.1978010870806344,1.6417277610003111,5.164311947696671
45301,20120813131849940.NAUT.1-8.fb1,NAUT,65.0207,-16.5733,2012-08-13 13:18:49.940,2012,226.555,65.0221,-16.5365,1.74061,3.0,-12345,-12345,33.276,13.9,15.437295,8.2681,0.0525,0.006563,60.0,8.5,0.0,anginc_corr,ass_5_15,Apr,comment,50,ACl,1.0,8,26.724,0.0588052,1,3.51461291,44,9990190.0,-1344863985.0,9.76172,0.692,23.88532025528251,142.36201779921805,3.4770717909566096,1.433783698263011,2.4251020535168486,3.660413656826478,3.0
45302,20120719165220800.NAUT.1-8.fb1,NAUT,65.0207,-16.5733,2012-07-19 16:52:20.800,2012,201.703,65.0131,-16.6638,4.34966,2.3,-12345,-12345,159.079,14.5,15.490336,4.02484,0.06,0.004687,47.0,9.25,0.0,anginc_corr,ass_5_15,Apr,comment,50,ACl,1.0,8,67.921,0.0588052,1,2.72032762,48,66877.28,-1342716985.0,7.02055,0.692,44.57139062667515,95.47058319878028,5.05198816133926,2.092993791933531,2.413761656059274,2.8661182981068123,2.3
45303,20120727082224840.NAUT.1-8.fb1,NAUT,65.0207,-16.5733,2012-07-27 08:22:24.840,2012,209.349,65.031,-16.5683,1.1746,1.1,-12345,-12345,37.565,13.9,15.437295,4.91147,0.09,0.001875,-31.0,5.25,0.0,anginc_corr,ass_5_15,Apr,comment,50,ACl,1.0,8,68.565,0.0588052,1,4.28129148,79,149786.9,-1343376985.0,9.44749,0.692,43.99744915600046,130.25429860247883,1.6056003794799278,0.763001803663386,2.1043205556933016,11.754769999163628,1.1
45304,20121102151059800.NAUT.1-8.fb1,NAUT,65.0207,-16.5733,2012-11-02 15:10:59.800,2012,307.632,65.0229,-16.6702,4.57288,2.4,-12345,-12345,69.36,14.5,15.333286,3.04991,0.03,0.006563,9.0,9.5,0.0,anginc_corr,ass_5_15,Apr,comment,50,ACl,1.0,8,60.36,0.0588052,1,2.74683714,31,882399.8,-1351868985.0,7.73438,0.692,43.96871653862691,95.64912559886152,5.305786967253999,2.1738620957338024,2.4407192055404936,1.379966642221575,2.4000000000000004
45305,20120929081008820.NAUT.1-8.fb1,NAUT,65.0207,-16.5733,2012-09-29 08:10:08.820,2012,273.34,65.0194,-16.6659,4.36852,2.3,-12345,-12345,56.293,13.9,15.281578,7.85969,0.05625,0.005625,-75.0,9.5,0.0,anginc_corr,ass_5_16,Apr,comment,50,ACl,1.0,8,48.707,0.0588052,1,1.6487385,64,193015.6,-1348905985.0,8.00305,0.692,44.58433387094853,95.3316543396828,5.068744161931727,2.0990385306781514,2.414793291238028,2.679317414728644,2.3
45306,20121027111353980.NAUT.3-8.fb1,NAUT,65.0207,-16.5733,2012-10-27 11:13:53.980,2012,301.468,65.0436,-16.5598,2.62869,2.3,-12345,-12345,115.882,13.9,15.451626,3.25551,0.12375,0.002812,-11.0,7.75,0.0,anginc_corr,ass_5_16,Apr,comment,50,ACl,3.0,8,53.118,0.0588052,1,3.45528698,37,15597.44,-1351335985.0,8.09488,0.692,39.375699461263686,115.86149782752317,3.523498410767268,1.515466865823971,2.3250250402878416,8.152233186084246,2.3
45307,20120926160119160.NAUT.3-8.fb1,NAUT,65.0207,-16.5733,2012-09-26 16:01:19.160,2012,270.667,65.0158,-16.6638,4.30115,2.6,-12345,-12345,98.147,13.9,15.515688,4.94572,0.18,0.002812,43.0,7.5,0.0,anginc_corr,ass_5_16,Apr,comment,50,ACl,3.0,8,55.147,0.0588052,1,2.26585412,43,6058.492,-1348674985.0,6.49909,0.692,42.09123614040079,101.80304145361546,5.133468766622888,2.0918728522257712,2.454006112828909,8.588860524950448,2.6
45308,20120803032259400.NAUT.1-8.fb1,NAUT,65.0207,-16.5733,2012-08-03 03:22:59.400,2012,216.141,65.049,-16.5641,3.18076,3.0,-12345,-12345,137.443,13.9,15.370613,3.71294,0.07875,0.005625,2.0,9.0,0.0,anginc_corr,ass_5_15,Apr,comment,50,ACl,1.0,8,44.557,0.0588052,1,1.87609541,52,71533.88,-1343963985.0,7.1697,0.692,35.00807553478873,120.09141763209202,4.418326811669974,1.7930472759363356,2.464144069688686,4.389848596105139,3.0
45309,20121006095859660.NAUT.4-10.fb1,NAUT,65.0207,-16.5733,2012-10-06 09:58:59.660,2012,280.416,65.1064,-16.498,10.184,0.9,-12345,-12345,168.134,13.9,15.293408,6.61218,0.03,0.002812,53.0,7.25,0.0,anginc_corr,ass_5_15,Apr,comment,50,ACl,4.0,10,64.866,0.0588052,1,6.81527853,37,1370.239,-1349517985.0,8.29044,0.692,43.87031298677623,48.4433790561431,11.309460120368623,4.412832330278519,2.562857428950812,0.6798276283916493,2.464018514420516
45310,20121029214119660.NAUT.4-10.fb1,NAUT,65.0207,-16.5733,2012-10-29 21:41:19.660,2012,303.904,65.1315,-16.4979,12.8468,3.8,-12345,-12345,7.477,14.099999,15.306489,8.90021,0.12,0.001875,48.0,5.0,0.0,anginc_corr,ass_5_15,Apr,comment,50,ACl,4.0,10,40.523,0.0588052,1,11.4139214,31,7847.578,-1351546985.0,9.14229,0.692,35.507612219811136,79.25744819940431,14.202548541794409,4.6838018738494,3.032269281305443,2.561600977854539,4.142181101652023
45311,20120930081445820.NAUT.2-3.fb1,NAUT,65.0207,-16.5733,2012-09-30 08:14:45.820,2012,274.344,65.074,-16.7702,11.0125,2.0,-12345,-12345,80.157,14.7,15.938501,4.09344,0.32,0.01,14.0,4.5,0.0,anginc_corr,ass_5_15,Apr,comment,50,ACl,2.0,3,66.157,0.0588052,1,11.6768446,19,344.6895,-1348992985.0,2.13068,0.692,36.818002510256456,55.40073968331704,12.54258275846142,4.379898840435095,2.863669508224408,7.296380903945376,3.5140062229945883
45312,20121015205802960.NAUT.1-8.fb1,NAUT,65.0207,-16.5733,2012-10-15 20:58:02.960,2012,289.873,65.0694,-16.8403,13.6974,1.8,-12345,-12345,51.239,14.3,16.30238,4.77543,0.045,0.00375,2.0,6.75,0.0,anginc_corr,ass_5_16,Apr,comment,50,ACl,1.0,8,49.239,0.0588052,1,3.1799221,46,230538.6,-1350334985.0,2.04613,0.692,36.58225154072956,49.609118322256734,15.315132388604257,5.22073318400161,2.9335213750313605,0.8619318900542794,3.630919700915124
45313,20121011213612560.NAUT.3-8.fb1,NAUT,65.0207,-16.5733,2012-10-11 21:36:12.560,2012,285.9,65.0481,-16.5407,3.415,3.2,-12345,-12345,121.759,13.9,15.437295,8.64343,0.06,0.000937,54.0,4.0,0.0,anginc_corr,ass_5_15,Apr,comment,50,ACl,3.0,8,67.759,0.0588052,1,10.7152882,57,18306.5,-1349990985.0,8.66397,0.692,34.37329505217138,117.4409663654054,4.732947868534603,1.8901551178426983,2.5039997108472694,3.173543396899703,3.2
45314,20121026114209900.NAUT.3-8.fb1,NAUT,65.0207,-16.5733,2012-10-26 11:42:09.900,2012,300.488,65.0757,-16.7979,12.226,2.4,-12345,-12345,77.125,14.3,15.533523,5.7973,0.08625,0.004687,31.0,9.5,0.0,anginc_corr,ass_5_16,Apr,comment,50,ACl,3.0,8,46.125,0.0588052,1,3.29734945,38,13636.65,-1351251985.0,5.42161,0.692,36.66195326611363,58.85466126037853,13.652141437436072,4.662336253774915,2.9281760676061186,1.8497726751917296,3.5913539610536835
45315,20120813131558640.NAUT.0.5-5.fb1,NAUT,65.0207,-16.5733,2012-08-13 13:15:58.640,2012,226.553,65.0221,-16.5386,1.64098,2.9,-12345,-12345,28.754,13.9,15.471416,6.03967,0.05625,0.00375,58.0,5.75,0.0,anginc_corr,ass_5_15,Apr,comment,50,ACl,0.5,5,29.246,0.0588052,1,3.54774666,56,2400160.0,-1344863985.0,5.9309,0.692,23.64277745399009,143.12816282971542,3.3401634586025217,1.3877247746961294,2.4069350922512127,4.0517338348301735,2.9000000000000004
45316,20121006165022340.NAUT.3-8.fb1,NAUT,65.0207,-16.5733,2012-10-06 16:50:22.340,2012,280.702,65.0149,-16.6468,3.52624,3.1,-12345,-12345,157.718,13.9,15.45899,5.3803,0.12,0.001875,-69.0,6.5,0.0,anginc_corr,ass_5_15,Apr,comment,50,ACl,3.0,8,46.718,0.0588052,1,2.95734429,58,5690.09,-1349541985.0,5.1592,0.692,35.69481722342958,116.02911546559125,4.745754402168466,1.904936375827,2.491292865415607,6.29318590137089,3.1
45317,20121030104915560.NAUT.4-10.fb1,NAUT,65.0207,-16.5733,2012-10-30 10:49:15.560,2012,304.451,65.1306,-16.5213,12.4905,4.1,-12345,-12345,86.68,14.7,15.345731,3.06097,0.06,0.002812,63.0,9.25,0.0,anginc_corr,ass_5_15,Apr,comment,50,ACl,4.0,10,23.68,0.0588052,1,11.9284286,20,250.2659,-1351593985.0,8.10429,0.692,35.09868564239951,80.95042973547454,13.8864436736187,4.566114073650565,3.041195083967015,1.3139709007049305,4.316869363484125
45318,20120818071438060.NAUT.4-10.fb1,NAUT,65.0207,-16.5733,2012-08-18 07:14:38.060,2012,231.302,65.0211,-16.719,6.86618,2.3,-12345,-12345,145.415,13.9,15.306489,4.60615,0.03,0.00375,85.0,7.0,0.0,anginc_corr,ass_5_15,Apr,comment,50,ACl,4.0,10,60.415,0.0588052,1,4.35778761,61,917.5364,-1345273985.0,8.46803,0.692,44.19594191706458,81.41774749658454,7.583971971937559,2.969944953866071,2.553573244536153,1.0100939663402642,2.407429250716768
45319,20121029094451820.NAUT.3-8.fb1,NAUT,65.0207,-16.5733,2012-10-29 09:44:51.820,2012,303.406,65.0399,-16.7785,9.90247,1.0,-12345,-12345,122.151,14.099999,15.510831,6.19792,0.15,0.00625,-1.0,9.5,0.0,anginc_corr,ass_5_15,Apr,comment,50,ACl,3.0,8,56.849,0.0588052,1,3.19450545,50,1384.351,-1351503985.0,3.21692,0.692,44.07712791485734,49.29170536696111,10.95576080299925,4.280248734718234,2.5596084438117264,3.503393906770924,2.42799902138998
45320,20120917055030080.NAUT.3-8.fb1,NAUT,65.0207,-16.5733,2012-09-17 05:50:30.080,2012,261.243,65.0185,-16.6723,4.67265,2.4,-12345,-12345,29.468,13.9,15.448396,5.49927,0.0225,0.00375,-2.0,6.75,0.0,anginc_corr,ass_5_15,Apr,comment,50,ACl,3.0,8,31.468,0.0588052,1,2.79898214,52,5478.592,-1347860985.0,7.65427,0.692,44.035873626976056,94.89559115141137,5.401536749172503,2.2080261659710105,2.4463191752064684,1.018983211702107,2.4000000000000004
45321,20120831131826760.NAUT.2-3.fb1,NAUT,65.0207,-16.5733,2012-08-31 13:18:26.760,2012,244.554,65.0319,-16.5874,1.4173,3.1,-12345,-12345,73.589,13.9,15.601362,34.1191,0.09,0.0025,20.0,6.25,0.0,anginc_corr,ass_5_15,Apr,comment,50,ACl,2.0,3,53.589,0.0588052,1,22.5332775,57,56471.8,-1346418985.0,2.53906,0.692,19.48509368599911,149.08923237754215,3.412985264476338,1.4010444882057036,2.4360291862304075,6.417165602130481,3.1
