,1event,stat,slat,slon,5cuspid,year,doy_det,evla,evlo,10dist(ev-stat),depthkm,mag,baz,spol,wbeg,wend,20SNR,tlag,Dtlag,fast,Dfast,25anginc,anginc_corr,type_ini,timestamp,comment,30nyquist,gradeABCNR,filt_lo,filt_HI,spol-fast,35bandang,pickgrade,lambdamax,ndf,lambda2_min,40ttime,maxfreq,Elev,anginc_epi,takeoff_ang_epi,path_length_source_to_station_km,traveltime_source_to_station_s,v_avg_source_to_station_kms,SWA_source_to_station,max_ray_depth_km
45322,20150710110855900.NOFL.2-6.fb1,NOFL,64.9238,-16.8337,2015-07-10 11:08:55.900,2015,191.464,65.0373,-16.6957,14.2353,5.1,-12345,-12345,165.833,14.3,15.746001,4.96002,0.1,0.00875,53.0,5.25,0.0,anginc_corr,ass_5_15,Oct,comment,50,ACl,2.0,6,67.167,0.0588052,1,11.9446516,30,1700.205,-1436526985.0,2.80172,0.741,33.51972774887251,87.02148094688393,15.83497316130756,5.016151874660854,3.1567969943848992,1.9933620186975527,5.140808614812209
45323,20150704112128400.NOFL.3-8.fb1,NOFL,64.9238,-16.8337,2015-07-04 11:21:28.400,2015,185.473,65.022,-16.6702,13.4059,2.0,-12345,-12345,131.098,14.099999,15.42716,3.46204,0.11625,0.006563,16.0,8.25,0.0,anginc_corr,ass_5_15,Oct,comment,50,ACl,3.0,8,64.902,0.0588052,1,3.28590393,40,3725.14,-1436008985.0,7.00955,0.741,36.58703963654986,54.9553160637296,14.955291574843242,5.08837732073226,2.9391082131250146,2.28432027569454,3.628541627171368
45324,20150502112158700.NOFL.4-10.fb1,NOFL,64.9238,-16.8337,2015-05-02 11:21:58.700,2015,122.474,65.0212,-16.6702,13.3245,2.0,-12345,-12345,155.522,13.9,15.5705,3.51539,0.06,0.002812,42.0,6.5,0.0,anginc_corr,ass_5_15,Oct,comment,50,ACl,4.0,10,66.478,0.0588052,1,6.5993104,42,340.9434,-1430565985.0,5.46875,0.741,36.597489234131,54.975390492151305,14.881214844375124,5.06685822463349,2.936970837673586,1.1841242465180812,3.6233522028903575
45325,20150307173521460.NOFL.4-10.fb1,NOFL,64.9238,-16.8337,2015-03-07 17:35:21.460,2015,66.7328,65.0149,-16.6553,13.1984,2.2,-12345,-12345,161.684,13.9,15.568243,4.73118,0.06,0.001875,39.0,6.5,0.0,anginc_corr,ass_5_15,Oct,comment,50,ACl,4.0,10,57.316,0.0588052,1,8.03769016,43,2540.998,-1425749985.0,5.55099,0.741,36.573203642219134,56.74690202826908,14.695101571178853,4.988553749603379,2.945763904487789,1.2027099084207291,3.635413867040117
45326,20140903052158800.NOFL.4-10.fb1,NOFL,64.9238,-16.8337,2014-09-03 05:21:58.800,2014,246.224,65.0409,-16.5832,17.6191,0.9,-12345,-12345,32.153,13.9,15.342604,3.2038,0.10125,0.002812,81.0,6.0,0.0,anginc_corr,ass_5_16,Oct,comment,50,ACl,4.0,10,48.847,0.0588052,1,7.12244034,28,1207895.0,-1409721985.0,6.44531,0.741,35.94351067677928,39.33120470049177,19.74346665803345,6.663111470372999,2.963100159110533,1.5194726413852775,3.950984987543807
45327,20150319003346040.NOFL.2-3.fb1,NOFL,64.9238,-16.8337,2015-03-19 00:33:46.040,2015,78.0233,65.022,-16.7847,11.1885,0.7,-12345,-12345,143.557,14.5,15.696978,3.23276,0.135,0.00875,32.0,6.25,0.0,anginc_corr,ass_5_16,Oct,comment,50,ACl,2.0,3,68.443,0.0588052,1,13.1496038,25,1236.422,-1426724985.0,3.02419,0.741,43.453155866252985,46.79440298561346,12.426344145854388,4.81806446357267,2.5791153770989728,2.8014053040095632,2.547373344929529
45328,20141109222306420.NOFL.0.2-3.fb1,NOFL,64.9238,-16.8337,2014-11-09 22:23:06.420,2014,313.933,65.0229,-16.6702,13.4877,2.0,-12345,-12345,48.24,14.099999,15.576668,3.89116,0.08,0.01,70.0,7.0,0.0,anginc_corr,ass_5_15,Oct,comment,50,ACl,0.2,3,21.76,0.0588052,1,3.65228724,35,204567600.0,-1415571985.0,1.95312,0.741,36.57499260538048,54.93218191780348,15.038915179792427,5.112649674105093,2.9415109851869143,1.564650598733408,3.6345252324526287
45329,20150424161317200.NOFL.3-8.fb1,NOFL,64.9238,-16.8337,2015-04-24 16:13:17.200,2015,114.676,65.1151,-16.8663,21.3882,0.9,-12345,-12345,95.868,13.9,15.568989,3.02303,0.11625,0.03,27.0,8.75,0.0,anginc_corr,ass_5_15,Oct,comment,50,ACl,3.0,8,68.868,0.0588052,1,6.74339533,18,2539.822,-1429891985.0,5.52357,0.741,34.09963596108857,37.25380208775763,23.973199652734785,7.734513710543842,3.0995096201140666,1.5029184744832946,4.791888455262211
45330,20150320033109440.NOFL.3-8.fb1,NOFL,64.9238,-16.8337,2015-03-20 03:31:09.440,2015,79.1465,65.022,-16.668,13.464,2.1,-12345,-12345,2.63,14.7,15.291757,3.05976,0.0975,0.001875,52.0,7.0,0.0,anginc_corr,ass_5_16,Oct,comment,50,ACl,3.0,8,49.37,0.0588052,1,8.42719269,20,3057.126,-1426821985.0,5.87859,0.741,36.55642353794172,55.793882493302426,14.988538039516731,5.085644562281874,2.947224851433884,1.916984983996884,3.643750077613568
45331,20150520144308980.NOFL.4-10.fb1,NOFL,64.9238,-16.8337,2015-05-20 14:43:08.980,2015,140.613,65.0131,-16.6977,11.8483,2.3,-12345,-12345,152.886,13.9,15.494781,3.76895,0.0675,0.002812,16.0,8.5,0.0,anginc_corr,ass_5_15,Oct,comment,50,ACl,4.0,10,43.114,0.0588052,1,5.08331203,48,2288.96,-1432132985.0,6.76717,0.741,36.72125076075208,58.00633783027981,13.303375177668345,4.570851371815866,2.910480804450944,1.4766684547765865,3.56194390299084
45332,20150402223034280.NOFL.4-10.fb1,NOFL,64.9238,-16.8337,2015-04-02 22:30:34.280,2015,92.9378,65.1106,-16.8769,20.93,1.2,-12345,-12345,97.908,14.5,15.487193,3.47561,0.12,0.002812,31.0,3.5,0.0,anginc_corr,ass_5_15,Oct,comment,50,ACl,4.0,10,66.908,0.0588052,1,12.8124361,32,1073.504,-1428013985.0,5.72034,0.741,34.18951579555987,38.49424234645279,23.34483873789861,7.499326753058909,3.112924600648512,1.6000412244380868,4.746008223885657
45333,20150715204920240.NOFL.3-8.fb1,NOFL,64.9238,-16.8337,2015-07-15 20:49:20.240,2015,196.868,65.0203,-16.6765,13.07,2.3,-12345,-12345,94.611,14.099999,15.377391,4.3379,0.1425,0.002812,34.0,7.0,0.0,anginc_corr,ass_5_15,Oct,comment,50,ACl,3.0,8,60.611,0.0588052,1,5.47037125,34,5235.986,-1436992985.0,7.42188,0.741,36.56845005175741,57.67960943361371,14.542981553839974,4.932851640616724,2.948189528769561,2.8881931429779684,3.637775225802947
45334,20150724090524480.NOFL.1-8.fb1,NOFL,64.9238,-16.8337,2015-07-24 09:05:24.480,2015,205.379,65.0149,-16.6701,12.7616,2.2,-12345,-12345,140.367,13.9,15.388597,4.54306,0.1125,0.005625,28.0,6.5,0.0,anginc_corr,ass_5_15,Oct,comment,50,ACl,1.0,8,67.633,0.0588052,1,5.53694487,40,1159234.0,-1437728985.0,6.32925,0.741,36.63385437816423,56.87172938945654,14.253645929050515,4.860122401830779,2.932775093006146,2.3144465321209395,3.605298215589088
45335,20150509080508700.NOFL.3-8.fb1,NOFL,64.9238,-16.8337,2015-05-09 08:05:08.700,2015,129.337,65.0194,-16.6702,13.1623,2.1,-12345,-12345,72.315,14.7,15.438755,3.8225,0.17625,0.002812,49.0,4.25,0.0,anginc_corr,ass_5_15,Oct,comment,50,ACl,3.0,8,23.315,0.0588052,1,8.04465675,27,2151.265,-1431158985.0,6.3101,0.741,36.59995523345963,55.880321514943695,14.687316551704932,4.998202212770586,2.938519877042652,3.5251723866728923,3.6221276537400833
45336,20140829094756580.NOFL.1-8.fb1,NOFL,64.9238,-16.8337,2014-08-29 09:47:56.580,2014,241.408,65.0319,-16.5853,16.8224,0.9,-12345,-12345,136.699,14.7,15.405914,3.60018,0.20625,0.00375,6.0,7.75,0.0,anginc_corr,ass_5_16,Oct,comment,50,ACl,1.0,8,49.301,0.0588052,1,2.79368067,37,2497973.0,-1409305985.0,6.44531,0.741,36.1364267151895,39.54930276908768,18.89991097181654,6.430031768576561,2.93931844383414,3.206780050901159,3.852988758444496
45337,20150826233709760.NOFL.4-10.fb1,NOFL,64.9238,-16.8337,2015-08-26 23:37:09.760,2015,238.984,65.0149,-16.6744,12.6411,3.7,-12345,-12345,145.595,14.099999,15.450089,3.27618,0.11625,0.00375,32.0,5.5,0.0,anginc_corr,ass_5_15,Oct,comment,50,ACl,4.0,10,66.405,0.0588052,1,4.79714346,32,2157.664,-1440631985.0,7.53706,0.741,35.901171382983435,80.83140253782858,13.931589339637211,4.6263649907356585,3.0113467846863267,2.512375393969535,3.972682420110901
45338,20140914234535200.NOFL.1-8.fb1,NOFL,64.9238,-16.8337,2014-09-14 23:45:35.200,2014,257.99,65.0373,-16.5811,17.3937,2.3,-12345,-12345,72.885,14.099999,15.497512,3.09928,0.05625,0.005625,-75.0,8.25,0.0,anginc_corr,ass_5_15,Oct,comment,50,ACl,1.0,8,32.115,0.0588052,1,3.63348842,28,46282970.0,-1410737985.0,6.61765,0.741,35.10564307894839,54.658089952413306,19.131081632942347,6.191471051559171,3.0899089204535084,0.908489095397158,4.31387127612224
45339,20150724130716880.NOFL.3-8.fb1,NOFL,64.9238,-16.8337,2015-07-24 13:07:16.880,2015,205.547,65.0149,-16.6701,12.7616,2.4,-12345,-12345,90.92,13.9,15.404203,5.18444,0.06,0.00375,-69.0,5.0,0.0,anginc_corr,ass_5_15,Oct,comment,50,ACl,3.0,8,20.08,0.0588052,1,10.2388048,30,25018.5,-1437742985.0,6.29735,0.741,36.59019347241127,58.695423261762414,14.202087524108483,4.822698343739518,2.9448425988626514,1.244068655415731,3.6269753117307593
45340,20150303132038200.NOFL.4-10.fb1,NOFL,64.9238,-16.8337,2015-03-03 13:20:38.200,2015,62.5559,65.0185,-16.668,13.1411,2.0,-12345,-12345,157.5,13.9,15.507555,3.49574,0.06375,0.002812,26.0,7.5,0.0,anginc_corr,ass_5_15,Oct,comment,50,ACl,4.0,10,48.5,0.0588052,1,4.39130354,42,1961.379,-1425388985.0,6.35061,0.741,36.62276740517488,55.02398197270566,14.69550003766367,5.012836246071613,2.9315739266727547,1.271683723362571,3.610801596971826
45341,20150302205447160.NOFL.4-10.fb1,NOFL,64.9238,-16.8337,2015-03-02 20:54:47.160,2015,61.8713,65.0275,-16.5832,16.5399,2.6,-12345,-12345,108.605,13.9,15.397024,5.42218,0.0225,0.001875,-28.0,9.75,0.0,anginc_corr,ass_5_15,Oct,comment,50,ACl,4.0,10,43.395,0.0588052,1,17.649107,30,1097.935,-1425329985.0,6.92121,0.741,35.30810482035656,57.56629667876247,18.150966428681205,5.891107261791065,3.0810789249087263,0.3819302034003158,4.226847391305953
45342,20150703093306800.NOFL.1-8.fb1,NOFL,64.9238,-16.8337,2015-07-03 09:33:06.800,2015,184.398,65.022,-16.6765,13.2348,2.1,-12345,-12345,142.852,14.099999,15.40523,3.1674,0.1125,0.0075,30.0,8.0,0.0,anginc_corr,ass_5_15,Oct,comment,50,ACl,1.0,8,67.148,0.0588052,1,3.73997784,33,308723.9,-1435915985.0,7.57211,0.741,36.590425960167664,55.86138737537644,14.755332945808586,5.017970887501924,2.94049791770597,2.2416604159900544,3.626859851957354
45343,20150428171000440.NOFL.4-10.fb1,NOFL,64.9238,-16.8337,2015-04-28 17:10:00.440,2015,118.715,65.0131,-16.6511,13.1758,2.7,-12345,-12345,83.734,14.099999,15.370908,3.6688,0.13875,0.004687,20.0,5.5,0.0,anginc_corr,ass_5_15,Oct,comment,50,ACl,4.0,10,63.734,0.0588052,1,7.5269146,27,742.0215,-1430240985.0,6.22559,0.741,36.44075565324373,60.98739122303743,14.5505790530475,4.8919877521957975,2.9743694772163702,2.8357002128672093,3.701262096068156
45344,20150610030818200.NOFL.4-10.fb1,NOFL,64.9238,-16.8337,2015-06-10 03:08:18.200,2015,161.131,65.0158,-16.6532,13.3393,2.3,-12345,-12345,122.316,13.9,15.451626,3.79728,0.11625,0.02625,8.0,9.5,0.0,anginc_corr,ass_5_16,Oct,comment,50,ACl,4.0,10,65.684,0.0588052,1,3.47023654,29,465.544,-1433905985.0,8.18452,0.741,36.52758311869064,57.592614480442016,14.812272827705296,5.010908452896431,2.956005476241225,2.3196265413403694,3.658081977816331
45345,20140905015232760.NOFL.2-6.fb1,NOFL,64.9238,-16.8337,2014-09-05 01:52:32.760,2014,248.078,65.0418,-16.4961,20.6647,1.2,-12345,-12345,39.762,14.7,15.556069,3.54979,0.135,0.00125,-7.0,4.0,0.0,anginc_corr,ass_5_16,Oct,comment,50,ACl,2.0,6,46.762,0.0588052,1,37.9759865,22,1359159.0,-1409881985.0,3.30882,0.741,34.29624501948929,38.61921616948816,23.04031769361045,7.422473651531646,3.104129266778337,1.8186502716304176,4.691913646856896
45346,20150530083356460.NOFL.2-6.fb1,NOFL,64.9238,-16.8337,2015-05-30 08:33:56.460,2015,150.357,65.022,-16.6808,13.1233,2.2,-12345,-12345,67.53,13.9,15.420803,3.93436,0.1575,0.005625,44.0,5.25,0.0,anginc_corr,ass_5_15,Oct,comment,50,ACl,2.0,6,23.53,0.0588052,1,5.96976614,34,13255.77,-1432974985.0,4.28819,0.741,36.58496062961547,56.77107470125372,14.613564753145692,4.964875828151938,2.943389776292806,3.1714870779175897,3.629574176483784
45347,20150527173825580.NOFL.4-10.fb1,NOFL,64.9238,-16.8337,2015-05-27 17:38:25.580,2015,147.735,65.0212,-16.6723,13.2666,2.3,-12345,-12345,68.549,13.9,15.421628,3.34813,0.03,0.021562,9.0,9.5,0.0,anginc_corr,ass_5_15,Oct,comment,50,ACl,4.0,10,59.549,0.0588052,1,4.03126478,41,5549.304,-1432747985.0,6.29664,0.741,36.5384926670614,57.61582215673487,14.742102380788094,4.990590306053889,2.953979685109601,0.6011258617945714,3.652659980023852
45348,20150821210747580.NOFL.3-8.fb1,NOFL,64.9238,-16.8337,2015-08-21 21:07:47.580,2015,233.88,65.0212,-16.6702,13.3245,2.0,-12345,-12345,144.871,13.9,15.357295,3.89088,0.11625,0.002812,29.0,4.5,0.0,anginc_corr,ass_5_15,Oct,comment,50,ACl,3.0,8,64.129,0.0588052,1,7.06117153,35,9391.855,-1440190985.0,5.56144,0.741,36.597489234131,54.975390492151305,14.881214844375124,5.06685822463349,2.936970837673586,2.294019304169126,3.6233522028903575
45349,20150502091721020.NOFL.3-8.fb1,NOFL,64.9238,-16.8337,2015-05-02 09:17:21.020,2015,122.387,65.1277,-16.8302,22.7404,1.0,-12345,-12345,86.719,14.7,15.490298,4.55166,0.23625,0.004687,52.0,6.0,0.0,anginc_corr,ass_5_16,Oct,comment,50,ACl,3.0,8,34.719,0.0588052,1,7.67791843,21,457.9894,-1430557985.0,4.85157,0.741,33.68809789790071,37.18845112320324,25.39148074526161,8.07095914992597,3.1460301401097426,2.926534639986756,5.007660269765868
45350,20150425014106140.NOFL.4-10.fb1,NOFL,64.9238,-16.8337,2015-04-25 01:41:06.140,2015,115.07,65.04,-16.5811,17.6129,3.0,-12345,-12345,152.672,14.7,15.409286,3.48218,0.0975,0.004687,30.0,6.5,0.0,anginc_corr,ass_5_16,Oct,comment,50,ACl,4.0,10,57.328,0.0588052,1,5.48814964,27,1549.63,-1429925985.0,7.22129,0.741,34.59299976458752,58.89864228964487,19.258537128662745,6.123519757063901,3.145011021879484,1.5921206295658408,4.543447823814184
45351,20140831151057800.NOFL.3-8.fb1,NOFL,64.9238,-16.8337,2014-08-31 15:10:57.800,2014,243.632,65.1007,-16.8768,19.835,1.0,-12345,-12345,57.08,13.9,15.686084,3.02442,0.08,0.0025,78.0,5.0,0.0,anginc_corr,ass_5_15,Oct,comment,50,ACl,3.0,8,20.92,0.0588052,1,10.1393766,34,2520434.0,-1409497985.0,3.14868,0.741,34.63183042812426,38.26436152097143,22.226518120932283,7.26214415495792,3.060599961480808,1.1015696105971529,4.524197609316902
45352,20150709141520940.NOFL.4-10.fb1,NOFL,64.9238,-16.8337,2015-07-09 14:15:20.940,2015,190.594,65.0158,-16.668,12.9018,2.4,-12345,-12345,80.64,14.099999,15.362064,3.52113,0.15,0.002812,18.0,7.75,0.0,anginc_corr,ass_5_15,Oct,comment,50,ACl,4.0,10,62.64,0.0588052,1,4.79136324,40,783.1255,-1436450985.0,7.57211,0.741,36.569789634917385,58.65025208909177,14.344293032209263,4.864024286805874,2.9490586778358647,3.083133322138565,3.637109769581184
45353,20150628141922360.NOFL.3-8.fb1,NOFL,64.9238,-16.8337,2015-06-28 14:19:22.360,2015,179.597,65.0194,-16.6723,13.1037,2.4,-12345,-12345,171.011,13.9,15.565422,4.06069,0.06,0.00375,52.0,8.5,0.0,anginc_corr,ass_5_15,Oct,comment,50,ACl,3.0,8,60.989,0.0588052,1,9.96446991,24,10801.23,-1435500985.0,5.65733,0.741,36.53889073217178,58.5819347514151,14.550327978128538,4.923792588898552,2.9551057879518505,1.2185276228109387,3.6524621578698406
45354,20150422135130360.NOFL.4-10.fb1,NOFL,64.9238,-16.8337,2015-04-22 13:51:30.360,2015,112.577,65.1214,-16.8557,22.0594,3.1,-12345,-12345,92.164,14.5,15.570696,4.05336,0.12,0.002812,23.0,3.0,0.0,anginc_corr,ass_5_15,Oct,comment,50,ACl,4.0,10,69.164,0.0588052,1,24.865591,20,543.4609,-1429710985.0,5.46177,0.741,33.542989536705804,58.3179238285709,23.940016485787886,7.340346388297559,3.261428714584173,1.634691021490653,5.122350373672925
45355,20150722114045680.NOFL.4-10.fb1,NOFL,64.9238,-16.8337,2015-07-22 11:40:45.680,2015,203.487,65.0122,-16.6723,12.4629,3.6,-12345,-12345,139.291,13.9,15.392534,3.19812,0.11625,0.00375,22.0,6.75,0.0,anginc_corr,ass_5_15,Oct,comment,50,ACl,4.0,10,62.709,0.0588052,1,4.18626308,32,537.056,-1437564985.0,7.53706,0.741,36.053766490833645,80.45273868135985,13.733967379009677,4.578668830819286,2.999554649282679,2.538538512023081,3.89453724070752
45356,20150709161356800.NOFL.4-10.fb1,NOFL,64.9238,-16.8337,2015-07-09 16:13:56.800,2015,190.676,65.022,-16.6893,12.9066,2.0,-12345,-12345,98.816,14.7,15.344557,3.93098,0.18,0.016875,41.0,7.75,0.0,anginc_corr,ass_5_15,Oct,comment,50,ACl,4.0,10,57.816,0.0588052,1,4.29365158,21,3106.566,-1436457985.0,7.79297,0.741,36.65424468059798,55.08454996282254,14.449292949418474,4.941062271864309,2.9243292543986943,3.641733499730293,3.595178889941466
45357,20150502110005820.NOFL.3-8.fb1,NOFL,64.9238,-16.8337,2015-05-02 11:00:05.820,2015,122.458,65.0203,-16.6702,13.2433,2.1,-12345,-12345,88.742,14.7,15.316454,4.74828,0.135,0.002812,22.0,3.5,0.0,anginc_corr,ass_5_15,Oct,comment,50,ACl,3.0,8,66.742,0.0588052,1,14.0527105,27,7167.311,-1430563985.0,5.65733,0.741,36.58833216762978,55.857228048592496,14.770112040744744,5.0222645338530585,2.9409267355762285,2.687545066727637,3.6278996990912233
45358,20150503001515100.NOFL.4-10.fb1,NOFL,64.9238,-16.8337,2015-05-03 00:15:15.100,2015,123.01,65.0212,-16.6702,13.3245,2.2,-12345,-12345,151.382,14.099999,15.41221,5.22757,0.06,0.004687,39.0,6.75,0.0,anginc_corr,ass_5_15,Oct,comment,50,ACl,4.0,10,67.618,0.0588052,1,7.73019123,30,806.7729,-1430611985.0,5.65733,0.741,36.55376972431797,56.70697139159997,14.826239418921142,5.026593287019699,2.94956018367496,1.1936088623230037,3.645068635078324
45359,20150223060257900.NOFL.3-8.fb1,NOFL,64.9238,-16.8337,2015-02-23 06:02:57.900,2015,54.252,65.022,-16.668,13.464,2.0,-12345,-12345,163.417,14.099999,15.562794,5.10921,0.06,0.000937,38.0,5.5,0.0,anginc_corr,ass_5_15,Oct,comment,50,ACl,3.0,8,54.583,0.0588052,1,14.8941622,32,85121.25,-1424670985.0,5.76006,0.741,36.57825759631467,54.93845078448201,15.01643269442608,5.10612607750228,2.940866023772672,1.175018557833596,3.632903461257063
45360,20150817090951720.NOFL.3-8.fb1,NOFL,64.9238,-16.8337,2015-08-17 09:09:51.720,2015,229.382,65.0212,-16.668,13.383,2.1,-12345,-12345,152.921,14.5,15.508665,3.11659,0.05625,0.002812,38.0,6.0,0.0,anginc_corr,ass_5_15,Oct,comment,50,ACl,3.0,8,65.079,0.0588052,1,11.8483429,28,954.7662,-1439802985.0,6.29735,0.741,36.56741060508775,55.81568551922824,14.914708427191304,5.064237990648404,2.94510417060429,1.110695533881767,3.63829159307828
45361,20150716132657720.NOFL.4-10.fb1,NOFL,64.9238,-16.8337,2015-07-16 13:26:57.720,2015,197.56,65.0149,-16.6701,12.7616,2.4,-12345,-12345,85.54,13.9,15.475971,3.70014,0.06,0.002812,-73.0,5.75,0.0,anginc_corr,ass_5_15,Oct,comment,50,ACl,4.0,10,21.46,0.0588052,1,10.6169796,34,602.4912,-1437052985.0,6.93222,0.741,36.59019347241127,58.695423261762414,14.202087524108483,4.822698343739518,2.9448425988626514,1.244068655415731,3.6269753117307593
45362,20150424102939520.NOFL.4-10.fb1,NOFL,64.9238,-16.8337,2015-04-24 10:29:39.520,2015,114.437,65.1214,-16.86,22.0689,1.2,-12345,-12345,31.961,14.3,15.564405,4.75233,0.1125,0.006563,-33.0,9.25,0.0,anginc_corr,ass_5_15,Oct,comment,50,ACl,4.0,10,64.961,0.0588052,1,6.39406013,30,571.6589,-1429870985.0,5.69661,0.741,33.71402476269062,37.93817484344868,24.61915384140528,7.815203306139741,3.150161662725281,1.4394273345288866,4.991506623307129
45363,20150618020228120.NOFL.4-10.fb1,NOFL,64.9238,-16.8337,2015-06-18 02:02:28.120,2015,169.085,65.04,-16.5832,17.5452,2.9,-12345,-12345,158.393,14.099999,15.334679,3.24557,0.11625,0.008437,47.0,9.0,0.0,anginc_corr,ass_5_15,Oct,comment,50,ACl,4.0,10,68.607,0.0588052,1,3.88578725,24,422.1842,-1434592985.0,6.8662,0.741,34.65156248834668,58.289823258128514,19.206641658084298,6.121935573534696,3.1373478906108003,1.8987380865567616,4.514418936111445
45364,20150502173747920.NOFL.4-10.fb1,NOFL,64.9238,-16.8337,2015-05-02 17:37:47.920,2015,122.734,65.0194,-16.6744,13.0456,2.3,-12345,-12345,69.064,14.7,15.440827,3.9046,0.15,0.020625,48.0,6.25,0.0,anginc_corr,ass_5_15,Oct,comment,50,ACl,4.0,10,21.064,0.0588052,1,5.51940012,19,842.4785,-1430587985.0,6.53895,0.741,36.57226301627233,57.68773453038139,14.516907665385576,4.925282144865814,2.9474266119999264,3.044804946189572,3.635881113957801
45365,20150521202332980.NOFL.2-3.fb1,NOFL,64.9238,-16.8337,2015-05-21 20:23:32.980,2015,141.85,65.022,-16.6702,13.4059,2.1,-12345,-12345,92.193,14.099999,16.193083,4.67656,0.295,0.01125,69.0,5.0,0.0,anginc_corr,ass_5_16,Oct,comment,50,ACl,2.0,3,23.193,0.0588052,1,9.03127575,22,3093.889,-1432239985.0,2.27864,0.741,36.5655437249894,55.81198019052232,14.927351371629246,5.067904950068373,2.945467904134204,5.816023292029371,3.639219022983073
45366,20150505075557980.NOFL.3-8.fb1,NOFL,64.9238,-16.8337,2015-05-05 07:55:57.980,2015,125.33,64.9672,-16.797,5.14551,3.0,-12345,-12345,113.364,13.9,15.376447,16.4097,0.02625,0.002812,3.0,4.0,0.0,anginc_corr,ass_5_15,Oct,comment,50,ACl,3.0,8,69.636,0.0588052,1,39.451252,32,22322.86,-1430812985.0,5.56144,0.741,40.53613169992258,101.41976468140324,6.093774793458352,2.3952310466832603,2.5441281758169274,1.0958947734792446,3.0
45367,20150508045950740.NOFL.3-8.fb1,NOFL,64.9238,-16.8337,2015-05-08 04:59:50.740,2015,128.208,65.0212,-16.6871,12.8757,1.9,-12345,-12345,9.489,14.7,15.427098,3.3239,0.075,0.0,55.0,1.0,0.0,anginc_corr,ass_5_16,Oct,comment,50,ACl,3.0,8,45.511,0.0588052,1,119.01313,13,1076.938,-1431060985.0,4.85157,0.741,36.673350376497154,52.35574230649832,14.459207020268384,4.956920956163402,2.916973489821318,1.5129494449922731,3.585699522025159
45368,20140829062840120.NOFL.1-8.fb1,NOFL,64.9238,-16.8337,2014-08-29 06:28:40.120,2014,241.27,65.0481,-16.5683,18.6819,1.5,-12345,-12345,94.341,14.099999,15.819475,5.07107,0.2025,0.005625,55.0,8.5,0.0,anginc_corr,ass_5_15,Oct,comment,50,ACl,1.0,8,39.341,0.0588052,1,2.20166731,47,1088054.0,-1409293985.0,3.50632,0.741,34.91831852311974,40.50026800949786,20.764817028190343,6.762111130438119,3.0707595050785548,2.9939558371822272,4.39536040277082
45369,20150623141020660.NOFL.1-8.fb1,NOFL,64.9238,-16.8337,2015-06-23 14:10:20.660,2015,174.59,65.0194,-16.6659,13.2811,2.2,-12345,-12345,71.591,14.099999,15.3339,3.62486,0.3,0.004687,-44.0,8.25,0.0,anginc_corr,ass_5_16,Oct,comment,50,ACl,1.0,8,64.409,0.0588052,1,3.32927132,34,212911.9,-1435068985.0,8.09488,0.741,36.560343813913725,56.72047547271852,14.782363748181472,5.013871994991607,2.948293008466846,5.978053923874427,3.6418023563365294
45370,20150429191139340.NOFL.1-8.fb1,NOFL,64.9238,-16.8337,2015-04-29 19:11:39.340,2015,119.8,65.1133,-16.845,21.1437,0.8,-12345,-12345,45.122,14.7,15.904354,3.60268,0.16,0.00625,74.0,5.5,0.0,anginc_corr,ass_5_16,Oct,comment,50,ACl,1.0,8,28.878,0.0588052,1,4.23056746,33,1591212.0,-1430334985.0,2.98295,0.741,34.23013674956084,36.9970769156161,23.737520400197194,7.702002053046596,3.0819935176215134,2.077157868291124,4.725399494661518
45371,20150208110935960.NOFL.2-6.fb1,NOFL,64.9238,-16.8337,2015-02-08 11:09:35.960,2015,39.4649,65.0212,-16.6723,13.2666,2.0,-12345,-12345,60.844,14.5,15.573331,3.76849,0.15375,0.005625,40.0,4.75,0.0,anginc_corr,ass_5_16,Oct,comment,50,ACl,2.0,6,20.844,0.0588052,1,7.1426506,25,3890453.0,-1423393985.0,4.88664,0.741,36.605540981457686,54.99086347022708,14.823099342572844,5.049964239969644,2.935287981893105,3.043870803382731,3.619354065787944
45372,20150617170852900.NOFL.4-10.fb1,NOFL,64.9238,-16.8337,2015-06-17 17:08:52.900,2015,168.714,65.0229,-16.6744,13.3738,0.6,-12345,-12345,97.381,13.9,15.527879,3.09045,0.18,0.01875,37.0,6.5,0.0,anginc_corr,ass_5_15,Oct,comment,50,ACl,4.0,10,60.381,0.0588052,1,3.19133115,42,971.0862,-1434560985.0,6.32925,0.741,36.74937082228268,38.91316893493279,15.501710214938416,5.521960550812495,2.807283766751559,3.2588463460811568,3.548004995059147
45373,20150612064903420.NOFL.4-10.fb1,NOFL,64.9238,-16.8337,2015-06-12 06:49:03.420,2015,163.284,65.022,-16.6723,13.3484,2.4,-12345,-12345,98.925,14.7,15.304509,5.49294,0.15,0.001875,34.0,5.0,0.0,anginc_corr,ass_5_15,Oct,comment,50,ACl,4.0,10,64.925,0.0588052,1,15.8223009,21,7483.156,-1434091985.0,7.65427,0.741,36.50066357133611,58.497561103476,14.791865419322164,4.993694253731826,2.9621087450974977,3.0031109704964365,3.671464146297828
45374,20150506174201180.NOFL.1-8.fb1,NOFL,64.9238,-16.8337,2015-05-06 17:42:01.180,2015,126.737,65.0212,-16.6702,13.3245,2.0,-12345,-12345,15.74,13.9,15.443362,3.91005,0.0975,0.004687,44.0,6.75,0.0,anginc_corr,ass_5_15,Oct,comment,50,ACl,1.0,8,28.26,0.0588052,1,4.73293543,37,1087845.0,-1430933985.0,6.09741,0.741,36.597489234131,54.975390492151305,14.881214844375124,5.06685822463349,2.936970837673586,1.9240912562167976,3.6233522028903575
45375,20150815205442700.NOFL.2-6.fb1,NOFL,64.9238,-16.8337,2015-08-15 20:54:42.700,2015,227.871,65.0927,-16.8426,18.8422,0.8,-12345,-12345,110.296,14.5,15.641363,4.16394,0.04,0.01125,-2.0,8.25,0.0,anginc_corr,ass_5_16,Oct,comment,50,ACl,2.0,6,67.704,0.0588052,1,7.99846315,37,9408.0,-1439671985.0,2.73438,0.741,35.13347595014154,37.99872075736144,21.20865714219883,7.053612505264096,3.0067794518583004,0.5670807460660399,4.301880140086083
45376,20150708062553340.NOFL.4-10.fb1,NOFL,64.9238,-16.8337,2015-07-08 06:25:53.340,2015,189.268,65.0104,-16.7083,11.3274,1.9,-12345,-12345,74.835,13.9,15.424214,5.54665,0.14625,0.002812,17.0,7.25,0.0,anginc_corr,ass_5_15,Oct,comment,50,ACl,4.0,10,57.835,0.0588052,1,4.99537516,38,1932.636,-1436336985.0,8.79979,0.741,36.80857112875291,52.59158659549317,12.89498742030544,4.496641007849432,2.8676933288193736,3.2515680777898126,3.5186765366897124
45377,20150207102215940.NOFL.4-10.fb1,NOFL,64.9238,-16.8337,2015-02-07 10:22:15.940,2015,38.432,65.0212,-16.668,13.383,2.0,-12345,-12345,169.575,13.9,15.562794,4.00353,0.06,0.021562,39.0,9.25,0.0,anginc_corr,ass_5_15,Oct,comment,50,ACl,4.0,10,49.425,0.0588052,1,5.22100067,30,162065.8,-1423304985.0,5.76006,0.741,36.588836547478685,54.95876753826053,14.942658042406643,5.084708489634941,2.938744290428233,1.179967576058516,3.627649204674381
45378,20150126041738720.NOFL.3-8.fb1,NOFL,64.9238,-16.8337,2015-01-26 04:17:38.720,2015,26.1788,65.0194,-16.6723,13.1037,2.3,-12345,-12345,81.817,13.9,15.510047,4.19338,0.17625,0.00375,56.0,5.5,0.0,anginc_corr,ass_5_15,Oct,comment,50,ACl,3.0,8,25.817,0.0588052,1,4.61287022,30,332328.4,-1422245985.0,6.23225,0.741,36.56369057396169,57.66946939120169,14.575286402167675,4.942227205063291,2.9491332141175857,3.565072797741209,3.6401396547190377
45379,20150815211348140.NOFL.3-8.fb1,NOFL,64.9238,-16.8337,2015-08-15 21:13:48.140,2015,227.885,65.0945,-16.8384,19.0396,0.9,-12345,-12345,60.674,14.099999,15.39813,3.32354,0.19125,0.0075,-4.0,7.0,0.0,anginc_corr,ass_5_15,Oct,comment,50,ACl,3.0,8,64.674,0.0588052,1,3.40401793,35,821.2106,-1439672985.0,5.0855,0.741,34.98958977497422,38.25489475342341,21.3924764035034,7.073429952421801,3.024342723034819,2.7032862568091787,4.364288017689929
45380,20150619142401480.NOFL.3-8.fb1,NOFL,64.9238,-16.8337,2015-06-19 14:24:01.480,2015,170.6,65.0139,-16.7465,10.8628,2.0,-12345,-12345,98.703,14.3,15.461134,4.65081,0.15,0.00375,38.0,8.75,0.0,anginc_corr,ass_5_16,Oct,comment,50,ACl,3.0,8,60.703,0.0588052,1,4.78097057,22,9744.062,-1434723985.0,5.27687,0.741,36.8247185652985,55.4137467704961,12.39345857403123,4.335663978853823,2.858491486996547,3.458643069131284,3.5106808591084064
45381,20150312212729400.NOFL.4-10.fb1,NOFL,64.9238,-16.8337,2015-03-12 21:27:29.400,2015,71.894,65.0301,-16.7275,12.8709,3.9,-12345,-12345,149.093,13.9,15.633554,3.81949,0.31875,0.00375,6.0,5.25,0.0,anginc_corr,ass_5_15,Oct,comment,50,ACl,4.0,10,36.907,0.0588052,1,8.05596256,30,1273.217,-1426195985.0,4.57115,0.741,35.32658186749535,79.33935283790474,14.238189022787788,4.682682262014171,3.0406054107680345,6.799129250006786,4.21896887038044
45382,20150721081918980.NOFL.4-10.fb1,NOFL,64.9238,-16.8337,2015-07-21 08:19:18.980,2015,202.347,65.0203,-16.6744,13.1273,2.1,-12345,-12345,138.57,13.9,15.362064,3.01028,0.08625,0.01875,6.0,9.75,0.0,anginc_corr,ass_5_15,Oct,comment,50,ACl,4.0,10,47.43,0.0588052,1,2.49380302,36,611.7331,-1437466985.0,7.88872,0.741,36.6046047053081,55.88956226216846,14.653666919256272,4.988416989659921,2.937538491595761,1.7288762170352356,3.6198189571488255
45383,20150826112435500.NOFL.3-8.fb1,NOFL,64.9238,-16.8337,2015-08-26 11:24:35.500,2015,238.475,65.0203,-16.6744,13.1273,2.3,-12345,-12345,90.272,14.3,15.382202,4.88911,0.1425,0.001875,37.0,6.25,0.0,anginc_corr,ass_5_16,Oct,comment,50,ACl,3.0,8,53.272,0.0588052,1,6.64870453,37,12461.05,-1440587985.0,7.11687,0.741,36.55994972511704,57.66150108370629,14.60049319109217,4.949540569718929,2.949868373726916,2.878458733925981,3.641998148067694
45384,20140831000449360.NOFL.2-6.fb1,NOFL,64.9238,-16.8337,2014-08-31 00:04:49.360,2014,243.003,65.04,-16.5874,17.4108,2.1,-12345,-12345,53.453,14.5,15.705423,3.07821,0.15,0.005625,-86.0,7.0,0.0,anginc_corr,ass_5_15,Oct,comment,50,ACl,2.0,6,40.547,0.0588052,1,4.34790659,24,233518.5,-1409442985.0,4.19695,0.741,35.23894701121755,53.24076540571493,19.187434715878823,6.239033191733895,3.075385901344504,2.403871331516428,4.256477635451216
45385,20150422194035500.NOFL.0.5-5.fb1,NOFL,64.9238,-16.8337,2015-04-22 19:40:35.500,2015,112.82,65.1205,-16.8621,21.9746,0.9,-12345,-12345,109.416,14.099999,15.962631,3.51505,0.15,0.0125,50.0,8.25,0.0,anginc_corr,ass_5_15,Oct,comment,50,ACl,0.5,5,59.416,0.0588052,1,2.72522235,31,2851071.0,-1429731985.0,2.60417,0.741,33.85364839011457,36.9775882258122,24.63091383935332,7.897460087455153,3.11883992658332,1.899173564832779,4.918670123546653
45386,20150724235118820.NOFL.3-8.fb1,NOFL,64.9238,-16.8337,2015-07-24 23:51:18.820,2015,205.994,65.0194,-16.6659,13.2811,2.1,-12345,-12345,169.981,13.9,15.52994,3.76217,0.06,0.002812,47.0,10.0,0.0,anginc_corr,ass_5_15,Oct,comment,50,ACl,3.0,8,57.019,0.0588052,1,6.91533756,30,1429.74,-1437781985.0,5.55099,0.741,36.582729208279495,55.84609938315823,14.809376934762614,5.033668634224765,2.9420643293980766,1.1919312396116766,3.6306824541230327
45387,20150419134703860.NOFL.4-10.fb1,NOFL,64.9238,-16.8337,2015-04-19 13:47:03.860,2015,109.574,65.0212,-16.6659,13.4418,2.1,-12345,-12345,7.351,14.099999,15.498888,3.33209,0.0975,0.004687,38.0,6.75,0.0,anginc_corr,ass_5_16,Oct,comment,50,ACl,4.0,10,30.649,0.0588052,1,3.96119618,35,1042.156,-1429450985.0,5.95388,0.741,36.55861350873555,55.79822760233404,14.973931788792523,5.081410881199767,2.94680594403282,1.918581865315616,3.642662016338716
45388,20150324074953900.NOFL.4-10.fb1,NOFL,64.9238,-16.8337,2015-03-24 07:49:53.900,2015,83.3262,65.0212,-16.668,13.383,2.0,-12345,-12345,89.081,14.3,15.497233,3.9419,0.13875,0.00375,26.0,5.0,0.0,anginc_corr,ass_5_15,Oct,comment,50,ACl,4.0,10,63.081,0.0588052,1,7.81058502,33,1058.21,-1427182985.0,6.94792,0.741,36.588836547478685,54.95876753826053,14.942658042406643,5.084708489634941,2.938744290428233,2.7282622187271954,3.627649204674381
45389,20150502102444260.NOFL.4-10.fb1,NOFL,64.9238,-16.8337,2015-05-02 10:24:44.260,2015,122.434,65.0194,-16.668,13.2215,2.0,-12345,-12345,156.9,14.7,15.565422,3.6538,0.05625,0.00375,39.0,7.5,0.0,anginc_corr,ass_5_15,Oct,comment,50,ACl,4.0,10,62.1,0.0588052,1,7.49831533,29,466.1949,-1430561985.0,5.65733,0.741,36.61175921734468,55.00281598199654,14.777568205766933,5.036721432198577,2.933965756235278,1.116763095569695,3.616266653947208
45390,20150717130037980.NOFL.2-6.fb1,NOFL,64.9238,-16.8337,2015-07-17 13:00:37.980,2015,198.542,65.1475,-16.76,25.1904,2.8,-12345,-12345,46.036,14.3,15.468406,3.14755,0.27,0.004687,74.0,5.5,0.0,anginc_corr,ass_5_16,Oct,comment,50,ACl,2.0,6,27.964,0.0588052,1,7.58440876,23,21545.22,-1437137985.0,4.875,0.741,33.12606824218076,54.204419395852725,27.28131849409628,8.2485585350426,3.30740436382869,3.272422869778069,5.45765156329951
45391,20150304054638960.NOFL.2-6.fb1,NOFL,64.9238,-16.8337,2015-03-04 05:46:38.960,2015,63.2406,65.0212,-16.6702,13.3245,2.3,-12345,-12345,93.006,14.7,15.714409,3.17868,0.18375,0.02625,73.0,9.75,0.0,anginc_corr,ass_5_16,Oct,comment,50,ACl,2.0,6,20.006,0.0588052,1,4.31017256,24,125180.2,-1425447985.0,4.01526,0.741,36.52944975109502,57.59658451410088,14.800349768178814,5.007457160568674,2.9556617847326736,3.6682926863775833,3.657154215445056
45392,20150422192824460.NOFL.3-8.fb1,NOFL,64.9238,-16.8337,2015-04-22 19:28:24.460,2015,112.811,65.1196,-16.8599,21.8693,1.1,-12345,-12345,112.279,14.5,15.470681,3.81766,0.12,0.002812,-35.0,4.75,0.0,anginc_corr,ass_5_15,Oct,comment,50,ACl,3.0,8,32.721,0.0588052,1,7.58467484,30,5887.875,-1429730985.0,4.58777,0.741,33.833343598336896,37.714817069887566,24.43219288210849,7.7954895962893795,3.134144761573168,1.5392604986402605,4.929201658414759
45393,20150408125307820.NOFL.3-8.fb1,NOFL,64.9238,-16.8337,2015-04-08 12:53:07.820,2015,98.5368,65.0212,-16.668,13.383,2.2,-12345,-12345,91.874,14.3,15.341166,3.25417,0.13875,0.00375,26.0,4.75,0.0,anginc_corr,ass_5_15,Oct,comment,50,ACl,3.0,8,65.874,0.0588052,1,7.13904428,34,4594.05,-1428497985.0,5.99798,0.741,36.54442787197521,56.687788304108096,14.88777488293812,5.044424850917125,2.951332475541068,2.750041300842554,3.6497105304293846
45394,20150213111317040.NOFL.4-10.fb1,NOFL,64.9238,-16.8337,2015-02-13 11:13:17.040,2015,44.4674,65.0203,-16.6659,13.3614,2.1,-12345,-12345,108.896,13.9,15.458238,3.27954,0.18,0.004687,43.0,7.75,0.0,anginc_corr,ass_5_15,Oct,comment,50,ACl,4.0,10,65.896,0.0588052,1,3.04519033,43,265074.4,-1423825985.0,6.32925,0.741,36.5708226105677,55.82245824768727,14.89149507754884,5.057503912821498,2.9444357007409847,3.557941582140245,3.636596632707031
45395,20150826113901860.NOFL.4-10.fb1,NOFL,64.9238,-16.8337,2015-08-26 11:39:01.860,2015,238.485,65.0149,-16.6532,13.2626,2.2,-12345,-12345,139.775,13.9,15.452876,7.71763,0.12,0.002812,29.0,6.5,0.0,anginc_corr,ass_5_16,Oct,comment,50,ACl,4.0,10,69.225,0.0588052,1,5.15901136,27,13112.31,-1440588985.0,7.8125,0.741,36.56370958293111,56.72739065587062,14.759711584951036,5.007301927091752,2.947637629976808,2.396156194562593,3.640130211091394
45396,20150722040306820.NOFL.2-6.fb1,NOFL,64.9238,-16.8337,2015-07-22 04:03:06.820,2015,203.169,65.022,-16.6702,13.4059,2.1,-12345,-12345,158.603,14.3,15.594627,4.884,0.0525,0.002812,39.0,5.75,0.0,anginc_corr,ass_5_16,Oct,comment,50,ACl,2.0,6,60.397,0.0588052,1,16.7574635,40,3508.227,-1437537985.0,4.39236,0.741,36.5655437249894,55.81198019052232,14.927351371629246,5.067904950068373,2.945467904134204,1.035903239687741,3.639219022983073
45397,20150422205144020.NOFL.3-8.fb1,NOFL,64.9238,-16.8337,2015-04-22 20:51:44.020,2015,112.869,65.1205,-16.8599,21.9691,1.1,-12345,-12345,80.499,14.5,15.503701,3.356,0.13125,0.002812,28.0,5.75,0.0,anginc_corr,ass_5_15,Oct,comment,50,ACl,3.0,8,52.499,0.0588052,1,11.9153194,21,3138.884,-1429735985.0,5.07812,0.741,33.79139856165025,37.66642941405667,24.544898068044706,7.823151428109837,3.137469380926329,1.6775945947955506,4.95105902893576
45398,20150302130324020.NOFL.3-8.fb1,NOFL,64.9238,-16.8337,2015-03-02 13:03:24.020,2015,61.5439,65.0275,-16.5832,16.5399,2.7,-12345,-12345,121.516,14.7,15.567144,6.46893,0.03,0.001875,4.0,6.75,0.0,anginc_corr,ass_5_15,Oct,comment,50,ACl,3.0,8,62.484,0.0588052,1,34.7313232,33,6547.859,-1425300985.0,5.07061,0.741,35.23025280105109,58.1352516614338,18.138874033814908,5.873042933961067,3.088496753348467,0.5108051251454526,4.260218033814114
45399,20150406174155220.NOFL.4-10.fb1,NOFL,64.9238,-16.8337,2015-04-06 17:41:55.220,2015,96.7373,65.0149,-16.6659,12.884,2.1,-12345,-12345,150.979,13.9,15.450514,4.98041,0.06,0.002812,35.0,7.0,0.0,anginc_corr,ass_5_15,Oct,comment,50,ACl,4.0,10,64.021,0.0588052,1,9.07301903,29,2740.561,-1428341985.0,5.65733,0.741,36.63779267247441,55.955570611820654,14.40371155971607,4.915626687420064,2.9301882497663323,1.220551705722528,3.603343505074624
45400,20150509155422360.NOFL.4-10.fb1,NOFL,64.9238,-16.8337,2015-05-09 15:54:22.360,2015,129.663,65.0194,-16.668,13.2215,2.1,-12345,-12345,16.473,13.9,15.527879,3.42287,0.1125,0.004687,49.0,8.25,0.0,anginc_corr,ass_5_15,Oct,comment,50,ACl,4.0,10,32.527,0.0588052,1,2.98652148,36,1196.574,-1431186985.0,6.32925,0.741,36.59125067258401,55.86302576097752,14.749495589576885,5.016274828461852,2.9403284496873434,2.2424181561291334,3.6264502800384015
45401,20150825060515720.NOFL.3-8.fb1,NOFL,64.9238,-16.8337,2015-08-25 06:05:15.720,2015,237.254,65.0194,-16.6702,13.1623,2.2,-12345,-12345,154.953,13.9,15.482924,3.60295,0.05625,0.002812,37.0,6.75,0.0,anginc_corr,ass_5_16,Oct,comment,50,ACl,3.0,8,62.047,0.0588052,1,8.96786976,33,1099.259,-1440482985.0,7.11687,0.741,36.5782652580477,56.7573073863706,14.660211043519984,4.978424148409962,2.9447493034924004,1.1298395474653944,3.6328996556371207
45402,20150406070129980.NOFL.4-10.fb1,NOFL,64.9238,-16.8337,2015-04-06 07:01:29.980,2015,96.2926,65.0203,-16.668,13.3021,2.2,-12345,-12345,164.339,13.9,15.341584,3.90512,0.09375,0.005625,50.0,8.75,0.0,anginc_corr,ass_5_16,Oct,comment,50,ACl,4.0,10,65.661,0.0588052,1,4.69002819,35,2206.949,-1428303985.0,6.62412,0.741,36.556968910731136,56.71354249696056,14.804948211710691,5.020420862660396,2.9489456395624427,1.867210561384525,3.643479112663175
45403,20150428170243120.NOFL.4-10.fb1,NOFL,64.9238,-16.8337,2015-04-28 17:02:43.120,2015,118.71,65.014,-16.6553,13.1217,2.3,-12345,-12345,79.564,13.9,15.510047,4.47649,0.13875,0.004687,22.0,7.75,0.0,anginc_corr,ass_5_15,Oct,comment,50,ACl,4.0,10,57.564,0.0588052,1,5.90379429,26,984.9803,-1430240985.0,6.23225,0.741,36.56141654622952,57.664625367444046,14.590628455076333,4.946678696394482,2.949580789573234,2.80436083964446,3.6412694050697487
45404,20140903135218380.NOFL.4-10.fb1,NOFL,64.9238,-16.8337,2014-09-03 13:52:18.380,2014,246.578,65.0194,-16.6511,13.7115,2.0,-12345,-12345,150.418,14.099999,15.52484,3.00629,0.31125,0.008437,37.0,7.25,0.0,anginc_corr,ass_5_15,Oct,comment,50,ACl,4.0,10,66.582,0.0588052,1,4.28231287,30,191613.9,-1409751985.0,6.4788,0.741,36.539819980030025,54.86469463617914,15.273258928722626,5.180554092652637,2.9481902235870963,6.002632605796521,3.652000363479092
45405,20150709140701760.NOFL.4-10.fb1,NOFL,64.9238,-16.8337,2015-07-09 14:07:01.760,2015,190.588,65.0292,-16.6787,13.85,3.2,-12345,-12345,107.278,14.5,15.451339,3.70505,0.18,0.00375,55.0,9.25,0.0,anginc_corr,ass_5_15,Oct,comment,50,ACl,4.0,10,52.278,0.0588052,1,3.69922113,27,310.2185,-1436450985.0,7.29167,0.741,36.09121736602388,67.81705017348804,15.154861625073384,5.015845767568688,3.0213970539248343,3.5874724527964474,3.875578798753766
45406,20150710040650640.NOFL.4-10.fb1,NOFL,64.9238,-16.8337,2015-07-10 04:06:50.640,2015,191.171,65.0202,-16.4983,19.1454,-0.1,-12345,-12345,69.797,14.5,15.339036,3.63173,0.05625,0.000937,-72.0,8.75,0.0,anginc_corr,ass_5_16,Oct,comment,50,ACl,4.0,10,38.203,0.0588052,1,16.7881832,22,479.598,-1436500985.0,7.11687,0.741,35.33582285644363,35.052748654200194,21.90291100153218,7.48701093848253,2.9254546549348928,0.7512905580313145,4.215029234063513
45407,20150525071713600.NOFL.4-10.fb1,NOFL,64.9238,-16.8337,2015-05-25 07:17:13.600,2015,145.304,65.0212,-16.685,12.9299,2.4,-12345,-12345,157.883,14.099999,15.52449,5.21158,0.06,0.001875,41.0,5.5,0.0,anginc_corr,ass_5_15,Oct,comment,50,ACl,4.0,10,63.117,0.0588052,1,13.9145012,36,1453.955,-1432537985.0,5.76006,0.741,36.56510190060772,58.639880689001146,14.376240898516247,4.873300340694697,2.950001004138171,1.2311518314760406,3.639438516065757
45408,20150731013146780.NOFL.2-6.fb1,NOFL,64.9238,-16.8337,2015-07-31 01:31:46.780,2015,212.064,65.0319,-16.7105,13.3849,4.9,-12345,-12345,75.839,13.9,15.75699,9.16938,0.105,0.00375,14.0,4.5,0.0,anginc_corr,ass_5_15,Oct,comment,50,ACl,2.0,6,61.839,0.0588052,1,37.288578,22,13713.23,-1438305985.0,3.11279,0.741,33.71487779480818,84.53587421336492,14.95801502660712,4.786213027188407,3.12522968401889,2.193537331868356,4.991059410532859
45409,20150422141204760.NOFL.4-10.fb1,NOFL,64.9238,-16.8337,2015-04-22 14:12:04.760,2015,112.592,65.1196,-16.8599,21.8693,1.4,-12345,-12345,96.564,14.7,15.474938,4.55494,0.12375,0.000937,29.0,2.75,0.0,anginc_corr,ass_5_15,Oct,comment,50,ACl,4.0,10,67.564,0.0588052,1,32.0513496,24,815.501,-1429711985.0,5.46177,0.741,33.732163217990845,38.68731393325966,24.31665945808568,7.690000303411171,3.1621142390981656,1.6091285368972308,4.98201261463492
45410,20150208110428000.NOFL.1-8.fb1,NOFL,64.9238,-16.8337,2015-02-08 11:04:28.000,2015,39.4613,65.022,-16.6723,13.3484,2.1,-12345,-12345,129.109,13.9,15.930552,3.21831,0.12,0.0075,17.0,7.5,0.0,anginc_corr,ass_5_15,Oct,comment,50,ACl,1.0,8,67.891,0.0588052,1,3.16717124,43,36714640.0,-1423392985.0,2.82117,0.741,36.57403948350199,55.82884444977651,14.86948131426626,5.051116304115398,2.943801017242732,2.375377352716157,3.63499867567484
45411,20150329104924200.NOFL.4-10.fb1,NOFL,64.9238,-16.8337,2015-03-29 10:49:24.200,2015,88.4509,64.9907,-16.5451,15.5453,0.4,-12345,-12345,129.43,14.099999,15.442854,3.29724,0.12375,0.0075,14.0,7.75,0.0,anginc_corr,ass_5_15,Oct,comment,50,ACl,4.0,10,64.57,0.0588052,1,3.27211213,37,238.3056,-1427625985.0,7.23684,0.741,36.486073691043735,37.85021456525486,17.802722305666975,6.238576635772744,2.853651296608916,1.9834304589466,3.678718970561402
45412,20150512191351600.NOFL.4-10.fb1,NOFL,64.9238,-16.8337,2015-05-12 19:13:51.600,2015,132.801,65.1376,-16.8367,23.8391,1.1,-12345,-12345,96.444,14.099999,15.472203,3.8264,0.12,0.001875,49.0,6.0,0.0,anginc_corr,ass_5_15,Oct,comment,50,ACl,4.0,10,47.444,0.0588052,1,6.58067513,30,127724.1,-1431457985.0,5.56144,0.741,33.600714386459536,37.44655520708288,26.46923794285548,8.33822843470618,3.1744438462111044,1.4390801125784949,5.076567139559192
45413,20150725070159840.NOFL.3-8.fb1,NOFL,64.9238,-16.8337,2015-07-25 07:01:59.840,2015,206.293,65.0113,-16.7104,11.3608,2.3,-12345,-12345,27.105,14.7,15.362953,4.45792,0.07875,0.000937,72.0,2.25,0.0,anginc_corr,ass_5_16,Oct,comment,50,ACl,3.0,8,44.895,0.0588052,1,32.9089241,19,558.7349,-1437807985.0,5.3591,0.741,36.76540640654007,58.10118904631548,12.812890182645786,4.426514747901609,2.8945775429122294,1.7789112727598422,3.5400585602186982
45414,20150503010514800.NOFL.4-10.fb1,NOFL,64.9238,-16.8337,2015-05-03 01:05:14.800,2015,123.045,65.0194,-16.668,13.2215,2.5,-12345,-12345,149.944,14.3,15.373908,5.51697,0.06,0.002812,38.0,5.0,0.0,anginc_corr,ass_5_15,Oct,comment,50,ACl,4.0,10,68.056,0.0588052,1,12.2269983,31,852.3408,-1430614985.0,5.65733,0.741,36.492484204876426,59.468125362107656,14.647877599118818,4.941120238844115,2.9644851554038327,1.2142547737710174,3.675531171475165
45415,20150510111956500.NOFL.2-6.fb1,NOFL,64.9238,-16.8337,2015-05-10 11:19:56.500,2015,130.472,65.0203,-16.685,12.8462,1.7,-12345,-12345,77.428,13.9,15.603462,4.94483,0.1725,0.006563,47.0,7.75,0.0,anginc_corr,ass_5_15,Oct,comment,50,ACl,2.0,6,30.428,0.0588052,1,3.88431978,36,24164.97,-1431256985.0,4.19695,0.741,36.70350781005067,47.32803138981323,14.498472870906706,4.998743598835695,2.900423393246992,3.4498403810601985,3.570741579800311
45416,20150506103034900.NOFL.3-8.fb1,NOFL,64.9238,-16.8337,2015-05-06 10:30:34.900,2015,126.438,65.0203,-16.6702,13.2433,2.2,-12345,-12345,90.994,14.7,15.316454,3.84464,0.13875,0.002812,27.0,3.5,0.0,anginc_corr,ass_5_15,Oct,comment,50,ACl,3.0,8,63.994,0.0588052,1,16.4425774,29,3909.95,-1430907985.0,5.65733,0.741,36.56617010407458,56.73244656479746,14.74306915918089,5.00247393396058,2.9471556181620007,2.773094412111732,3.638907847476652
45417,20150724213840280.NOFL.4-10.fb1,NOFL,64.9238,-16.8337,2015-07-24 21:38:40.280,2015,205.902,65.0185,-16.6659,13.2011,2.0,-12345,-12345,102.588,14.5,15.362064,3.12116,0.14625,0.001875,34.0,4.25,0.0,anginc_corr,ass_5_15,Oct,comment,50,ACl,4.0,10,68.588,0.0588052,1,10.4142008,34,2037.884,-1437773985.0,7.57211,0.741,36.61472164625363,55.00851119009396,14.75567038075402,5.030350218140177,2.933328643310543,2.9067381303534034,3.61479586804248
45418,20150623191808560.NOFL.3-8.fb1,NOFL,64.9238,-16.8337,2015-06-23 19:18:08.560,2015,174.804,65.0212,-16.6702,13.3245,2.0,-12345,-12345,151.131,13.9,15.353425,5.79119,0.06,0.002812,40.0,4.25,0.0,anginc_corr,ass_5_16,Oct,comment,50,ACl,3.0,8,68.869,0.0588052,1,18.1186714,35,1669.008,-1435086985.0,7.11687,0.741,36.597489234131,54.975390492151305,14.881214844375124,5.06685822463349,2.936970837673586,1.1841242465180812,3.6233522028903575
45419,20150714112907760.NOFL.2-6.fb1,NOFL,64.9238,-16.8337,2015-07-14 11:29:07.760,2015,195.478,65.0212,-16.6702,13.3245,2.0,-12345,-12345,155.065,13.9,15.49522,3.96727,0.105,0.00375,19.0,7.0,0.0,anginc_corr,ass_5_16,Oct,comment,50,ACl,2.0,6,43.935,0.0588052,1,4.24124765,39,66524.84,-1436872985.0,5.42161,0.741,36.597489234131,54.975390492151305,14.881214844375124,5.06685822463349,2.936970837673586,2.0720676403726657,3.6233522028903575
45420,20140831202204880.NOFL.4-10.fb1,NOFL,64.9238,-16.8337,2014-08-31 20:22:04.880,2014,243.849,65.0561,-16.4961,21.7172,1.2,-12345,-12345,162.032,13.9,15.482748,3.0877,0.12,0.002812,23.0,9.5,0.0,anginc_corr,ass_5_16,Oct,comment,50,ACl,4.0,10,40.968,0.0588052,1,2.99106956,34,2411434.0,-1409516985.0,7.12757,0.741,33.87204412387446,38.122845608676656,24.20548796229133,7.713751495807178,3.13796574538968,1.5555691764092217,4.909135462006796
45421,20150502110217820.NOFL.4-10.fb1,NOFL,64.9238,-16.8337,2015-05-02 11:02:17.820,2015,122.46,65.0212,-16.6702,13.3245,2.2,-12345,-12345,165.864,13.9,15.565422,5.01526,0.06,0.002812,43.0,7.75,0.0,anginc_corr,ass_5_15,Oct,comment,50,ACl,4.0,10,57.136,0.0588052,1,8.16885853,26,1252.713,-1430563985.0,5.65733,0.741,36.55376972431797,56.70697139159997,14.826239418921142,5.026593287019699,2.94956018367496,1.1936088623230037,3.645068635078324
45422,20140830035045920.NOFL.0.5-5.fb1,NOFL,64.9238,-16.8337,2014-08-30 03:50:45.920,2014,242.16,65.1224,-16.8131,22.1638,1.3,-12345,-12345,0.759,13.9,15.637938,3.39052,0.16875,0.004687,39.0,5.25,0.0,anginc_corr,ass_5_16,Oct,comment,50,ACl,0.5,5,38.241,0.0588052,1,4.60592747,46,3422277.0,-1409370985.0,4.01526,0.741,33.696938037795654,38.2807280727309,24.67324848558991,7.806961186903687,3.160416440519739,2.161280037454105,5.000699002107953
45423,20150720213133520.NOFL.2-6.fb1,NOFL,64.9238,-16.8337,2015-07-20 21:31:33.520,2015,201.897,65.021,-16.7953,10.9956,1.0,-12345,-12345,107.195,14.5,15.796579,3.27718,0.285,0.01125,38.0,8.5,0.0,anginc_corr,ass_5_15,Oct,comment,50,ACl,2.0,6,69.195,0.0588052,1,3.79828072,31,10105.82,-1437427985.0,3.39286,0.741,43.38167872415647,48.45905802324463,12.115996518940628,4.655398585170421,2.6025691027908184,6.116199580390003,2.563361033678855
45424,20150623204849460.NOFL.0.5-5.fb1,NOFL,64.9238,-16.8337,2015-06-23 20:48:49.460,2015,174.867,65.0406,-16.8889,13.2859,2.1,-12345,-12345,19.072,13.9,15.698867,9.48043,0.07125,0.001875,64.0,4.5,0.0,anginc_corr,ass_5_15,Oct,comment,50,ACl,0.5,5,44.928,0.0588052,1,10.690834,31,1274594.0,-1435091985.0,4.34028,0.741,36.582170903789134,55.8449906023578,14.81326719004578,5.034798266604402,2.942176906729617,1.4150801950705727,3.630959751625333
45425,20150304072022280.NOFL.3-8.fb1,NOFL,64.9238,-16.8337,2015-03-04 07:20:22.280,2015,63.3057,65.022,-16.6871,12.96,1.8,-12345,-12345,93.737,14.5,15.611248,3.21763,0.165,0.000937,49.0,3.25,0.0,anginc_corr,ass_5_15,Oct,comment,50,ACl,3.0,8,44.737,0.0588052,1,20.8942623,32,2225.965,-1425453985.0,5.01052,0.741,36.67897227859381,49.76243716183424,14.569348743612544,5.003525475935706,2.911816640823227,3.2967787852406616,3.5829106407822184
45426,20150826110201020.NOFL.4-10.fb1,NOFL,64.9238,-16.8337,2015-08-26 11:02:01.020,2015,238.46,65.0104,-16.6489,13.018,2.2,-12345,-12345,60.743,13.9,15.462785,4.54976,0.06,0.001875,-88.0,9.5,0.0,anginc_corr,ass_5_15,Oct,comment,50,ACl,4.0,10,31.257,0.0588052,1,8.84860039,41,2086.045,-1440586985.0,7.57211,0.741,36.59947939828534,56.80094208244708,14.510380661394752,4.934883148892224,2.9403696548827143,1.21578933024864,3.6223639376823815
45427,20150305083645640.NOFL.2-6.fb1,NOFL,64.9238,-16.8337,2015-03-05 08:36:45.640,2015,64.3588,65.0212,-16.6765,13.1522,2.0,-12345,-12345,75.09,14.3,15.52449,3.63695,0.1425,0.002812,31.0,7.25,0.0,anginc_corr,ass_5_15,Oct,comment,50,ACl,2.0,6,44.09,0.0588052,1,7.1972394,24,256300.6,-1425544985.0,5.76006,0.741,36.621046319549926,55.020672218068,14.70845865731796,5.016609053391763,2.931952340869272,2.8399914156636896,3.611655985054528
45428,20150519112227100.NOFL.4-10.fb1,NOFL,64.9238,-16.8337,2015-05-19 11:22:27.100,2015,139.474,65.0212,-16.668,13.383,2.9,-12345,-12345,82.211,14.3,15.370613,4.18728,0.1425,0.001875,37.0,8.5,0.0,anginc_corr,ass_5_15,Oct,comment,50,ACl,4.0,10,45.211,0.0588052,1,5.89152241,25,1302.293,-1432034985.0,6.94792,0.741,36.32989631130499,62.42445282730303,14.72944095415236,4.923166196085018,2.991863440617839,2.8938727674585607,3.756463744662685
45429,20150430060640360.NOFL.4-10.fb1,NOFL,64.9238,-16.8337,2015-04-30 06:06:40.360,2015,120.254,65.1215,-16.7769,22.2098,5.0,-12345,-12345,110.167,13.9,15.472116,10.2677,0.1125,0.00375,66.0,7.75,0.0,anginc_corr,ass_5_15,Oct,comment,50,ACl,4.0,10,44.167,0.0588052,1,8.80602455,23,4727.089,-1430373985.0,5.56469,0.741,33.072668754041274,79.60239902452766,23.891225088257013,7.188785811242796,3.323401992432809,1.5648416283710276,5.50716151036886
45430,20150629234343820.NOFL.3-8.fb1,NOFL,64.9238,-16.8337,2015-06-29 23:43:43.820,2015,180.989,65.0185,-16.668,13.1411,2.3,-12345,-12345,142.055,13.9,15.464478,5.4652,0.1125,0.00375,23.0,7.25,0.0,anginc_corr,ass_5_15,Oct,comment,50,ACl,3.0,8,60.945,0.0588052,1,6.40920544,34,17964.78,-1435620985.0,7.53706,0.741,36.557903565729966,57.65714317768311,14.614213424242944,4.953520476374967,2.950268095982065,2.2708192596041954,3.643014739806942
45431,20150615061324560.NOFL.4-10.fb1,NOFL,64.9238,-16.8337,2015-06-15 06:13:24.560,2015,166.259,65.0194,-16.6659,13.2811,1.7,-12345,-12345,24.885,14.3,15.340423,3.32538,0.0675,0.001875,71.0,5.75,0.0,anginc_corr,ass_5_15,Oct,comment,50,ACl,4.0,10,46.115,0.0588052,1,11.1963825,32,262.0035,-1434348985.0,6.03027,0.741,36.65292168031205,47.25444935875891,14.937271449979296,5.126993279904049,2.913456412850778,1.3165040710759968,3.595835388960624
45432,20150702000826700.NOFL.4-10.fb1,NOFL,64.9238,-16.8337,2015-07-02 00:08:26.700,2015,183.006,65.0149,-16.6659,12.884,2.1,-12345,-12345,139.518,14.3,15.361312,4.23638,0.21,0.01875,26.0,8.0,0.0,anginc_corr,ass_5_16,Oct,comment,50,ACl,4.0,10,66.482,0.0588052,1,6.0879097,21,1627.81,-1435795985.0,7.8125,0.741,36.63779267247441,55.955570611820654,14.40371155971607,4.915626687420064,2.9301882497663323,4.270142633432528,3.603343505074624
45433,20150806080512020.NOFL.1-8.fb1,NOFL,64.9238,-16.8337,2015-08-06 08:05:12.020,2015,218.337,65.0176,-16.6723,12.9419,2.1,-12345,-12345,103.264,13.9,15.334562,3.73925,0.14625,0.002812,34.0,3.75,0.0,anginc_corr,ass_5_15,Oct,comment,50,ACl,1.0,8,69.264,0.0588052,1,8.97711945,40,221697.2,-1438847985.0,6.29735,0.741,36.63011177556045,55.94028641603498,14.46318697788168,4.932963149419145,2.9319470954460134,2.964098295528572,3.6071558901858376
45434,20150122225425540.NOFL.3-8.fb1,NOFL,64.9238,-16.8337,2015-01-22 22:54:25.540,2015,22.9544,65.022,-16.6702,13.4059,2.1,-12345,-12345,163.592,13.9,15.409705,3.34453,0.0975,0.00375,35.0,7.75,0.0,anginc_corr,ass_5_15,Oct,comment,50,ACl,3.0,8,51.408,0.0588052,1,4.26832533,42,325873.3,-1421966985.0,5.7552,0.741,36.5655437249894,55.81198019052232,14.927351371629246,5.067904950068373,2.945467904134204,1.923693927808756,3.639219022983073
45435,20150601233329280.NOFL.3-8.fb1,NOFL,64.9238,-16.8337,2015-06-01 23:33:29.280,2015,152.982,65.022,-16.6744,13.2913,2.3,-12345,-12345,150.728,13.9,15.440827,3.45292,0.10875,0.004687,28.0,6.75,0.0,anginc_corr,ass_5_15,Oct,comment,50,ACl,3.0,8,57.272,0.0588052,1,4.6350193,32,12383.35,-1433201985.0,6.32925,0.741,36.535850172942176,57.61019976950625,14.75920768542098,4.995544626997166,2.954474193996496,2.1766819602845544,3.6539732178405977
45436,20150826112548200.NOFL.4-10.fb1,NOFL,64.9238,-16.8337,2015-08-26 11:25:48.200,2015,238.476,65.0113,-16.6532,12.9594,2.4,-12345,-12345,104.756,13.9,15.363315,4.1096,0.1425,0.00375,38.0,5.5,0.0,anginc_corr,ass_5_15,Oct,comment,50,ACl,4.0,10,66.756,0.0588052,1,6.119524,33,1990.772,-1440587985.0,7.40132,0.741,36.56183229060255,58.63264827552919,14.398372025992035,4.879724321696627,2.95065275756928,2.91962461641333,3.641062858336169
45437,20150528142505980.NOFL.2-6.fb1,NOFL,64.9238,-16.8337,2015-05-28 14:25:05.980,2015,148.601,65.0203,-16.668,13.3021,2.3,-12345,-12345,64.507,14.7,15.395312,3.02024,0.14625,0.006563,39.0,7.0,0.0,anginc_corr,ass_5_15,Oct,comment,50,ACl,2.0,6,25.507,0.0588052,1,4.71131468,31,12759.34,-1432822985.0,4.28819,0.741,36.53277240442607,57.60365211082529,14.77904224523451,5.001288304800765,2.9550470487870144,2.9236216562495088,3.655502830138243
45438,20140830034234780.NOFL.1-8.fb1,NOFL,64.9238,-16.8337,2014-08-30 03:42:34.780,2014,242.155,65.0418,-16.4982,20.5877,2.1,-12345,-12345,148.281,14.5,15.548697,4.36068,0.135,0.006563,38.0,4.5,0.0,anginc_corr,ass_5_16,Oct,comment,50,ACl,1.0,8,69.719,0.0588052,1,6.60253096,40,804466.2,-1409369985.0,4.38281,0.741,33.98204227361689,50.90380049204067,22.66456456560588,7.13323621146635,3.1773186662701045,1.892379696712965,4.852215133674364
45439,20150802204108880.NOFL.4-10.fb1,NOFL,64.9238,-16.8337,2015-08-02 20:41:08.880,2015,214.862,65.0212,-16.685,12.9299,2.1,-12345,-12345,145.171,14.099999,15.466269,4.81728,0.11625,0.019687,24.0,7.25,0.0,anginc_corr,ass_5_15,Oct,comment,50,ACl,4.0,10,58.829,0.0588052,1,4.47568464,23,1222.072,-1438547985.0,7.7064,0.741,36.631201577832655,55.94245473613245,14.454811602537234,4.930522430043647,2.9316997960415474,2.357434737778874,3.606614947676581
45440,20140829114010700.NOFL.0.5-5.fb1,NOFL,64.9238,-16.8337,2014-08-29 11:40:10.700,2014,241.486,65.0669,-16.5407,21.1156,4.1,-12345,-12345,74.365,14.7,15.541932,3.81941,0.24,0.002812,41.0,4.75,0.0,anginc_corr,ass_5_15,Oct,comment,50,ACl,0.5,5,33.365,0.0588052,1,6.92532158,32,11523480.0,-1409311985.0,3.50561,0.741,33.35634167030967,70.79899277332774,22.831963036707744,6.9574948874763445,3.281635618274879,3.4484918968999523,5.271347960505633
45441,20150314174821980.NOFL.4-10.fb1,NOFL,64.9238,-16.8337,2015-03-14 17:48:21.980,2015,73.7418,65.0741,-16.5279,22.1132,1.6,-12345,-12345,44.715,14.3,15.439913,3.72452,0.03,0.006563,69.0,8.25,0.0,anginc_corr,ass_5_16,Oct,comment,50,ACl,4.0,10,24.285,0.0588052,1,4.87669373,27,7323.273,-1426354985.0,7.8993,0.741,33.693263908234066,40.98981828232958,24.46938872161494,7.687944386292307,3.1828259274669235,0.3902198596733797,5.003592149820606
45442,20150402212530920.NOFL.4-10.fb1,NOFL,64.9238,-16.8337,2015-04-02 21:25:30.920,2015,92.8926,65.1115,-16.879,21.0391,1.2,-12345,-12345,98.888,14.7,15.570699,4.98938,0.12375,0.001875,34.0,4.0,0.0,anginc_corr,ass_5_15,Oct,comment,50,ACl,4.0,10,64.888,0.0588052,1,15.0119772,20,3706.54,-1428009985.0,4.96324,0.741,34.14675853238165,38.44419249356143,23.466264081399107,7.529886807000112,3.116416578743765,1.6433400434038958,4.767828090782637
45443,20150421120732240.NOFL.2-6.fb1,NOFL,64.9238,-16.8337,2015-04-21 12:07:32.240,2015,111.505,65.0203,-16.6744,13.1273,2.2,-12345,-12345,172.309,13.9,15.701199,3.95598,0.10875,0.002812,32.0,6.75,0.0,anginc_corr,ass_5_15,Oct,comment,50,ACl,2.0,6,39.691,0.0588052,1,5.94230556,40,34631.36,-1429617985.0,4.28819,0.741,36.58310704465031,56.76726289318213,14.626535954655315,4.968643942606487,2.9437681837556715,2.1884638976928272,3.630494792285372
45444,20150425013837580.NOFL.4-10.fb1,NOFL,64.9238,-16.8337,2015-04-25 01:38:37.580,2015,115.068,65.04,-16.5811,17.6129,3.0,-12345,-12345,150.882,14.7,15.455572,3.54532,0.10125,0.005625,23.0,6.75,0.0,anginc_corr,ass_5_16,Oct,comment,50,ACl,4.0,10,52.118,0.0588052,1,4.01062202,27,1718.312,-1429925985.0,7.03125,0.741,34.59299976458752,58.89864228964487,19.258537128662745,6.123519757063901,3.145011021879484,1.6533478243772493,4.543447823814184
45445,20150818031832820.NOFL.4-10.fb1,NOFL,64.9238,-16.8337,2015-08-18 03:18:32.820,2015,230.138,65.0185,-16.6808,12.7917,2.6,-12345,-12345,138.662,13.9,15.461183,3.33573,0.09375,0.004687,5.0,9.0,0.0,anginc_corr,ass_5_15,Oct,comment,50,ACl,4.0,10,46.338,0.0588052,1,2.99627042,27,873.3691,-1439867985.0,7.59715,0.741,36.53430892793912,60.37982562132518,14.185727882209868,4.796805614065412,2.9573280686242174,1.954239063303476,3.654739189640536
45446,20150627083645380.NOFL.2-3.fb1,NOFL,64.9238,-16.8337,2015-06-27 08:36:45.380,2015,178.359,65.0319,-16.7211,13.1741,4.2,-12345,-12345,134.978,14.7,15.939928,4.56011,0.245,0.00375,-83.0,6.75,0.0,anginc_corr,ass_5_16,Oct,comment,50,ACl,2.0,3,37.978,0.0588052,1,32.8366547,18,724.8367,-1435393985.0,2.73438,0.741,34.744333396137606,79.90975080533626,14.611121383286047,4.753315190331478,3.0738801864025187,5.1508785858132455,4.471910362253088
45447,20150403133746480.NOFL.4-10.fb1,NOFL,64.9238,-16.8337,2015-04-03 13:37:46.480,2015,93.5678,65.022,-16.6871,12.96,1.9,-12345,-12345,6.796,14.7,15.498484,3.18291,0.0825,0.001875,50.0,7.25,0.0,anginc_corr,ass_5_16,Oct,comment,50,ACl,4.0,10,43.204,0.0588052,1,9.25837994,18,4945.854,-1428067985.0,6.56703,0.741,36.6642985106045,52.33998475057496,14.535550508982126,4.979224226129245,2.919239995801873,1.656770912862271,3.590190348401607
45448,20150223105055640.NOFL.4-10.fb1,NOFL,64.9238,-16.8337,2015-02-23 10:50:55.640,2015,54.4519,65.0176,-16.6511,13.557,1.9,-12345,-12345,134.568,14.5,15.378808,3.34138,0.12,0.004687,-67.0,5.0,0.0,anginc_corr,ass_5_16,Oct,comment,50,ACl,4.0,10,21.568,0.0588052,1,6.87102032,30,12596.69,-1424688985.0,5.87859,0.741,36.58403921671198,52.20043272871479,15.144688683872406,5.156575386799139,2.936966406550148,2.3268108939191734,3.630031809758198
45449,20150428143422380.NOFL.3-8.fb1,NOFL,64.9238,-16.8337,2015-04-28 14:34:22.380,2015,118.607,65.0212,-16.6765,13.1522,2.0,-12345,-12345,12.691,14.5,15.418261,3.0142,0.09375,0.004687,39.0,7.25,0.0,anginc_corr,ass_5_15,Oct,comment,50,ACl,3.0,8,26.309,0.0588052,1,5.78473139,22,2114.483,-1430231985.0,6.62365,0.741,36.621046319549926,55.020672218068,14.70845865731796,5.016609053391763,2.931952340869272,1.868629090994034,3.611655985054528
45450,20150503035529000.NOFL.3-8.fb1,NOFL,64.9238,-16.8337,2015-05-03 03:55:29.000,2015,123.163,65.0203,-16.6702,13.2433,2.2,-12345,-12345,70.051,13.9,15.498632,4.86826,0.16125,0.00375,49.0,3.0,0.0,anginc_corr,ass_5_16,Oct,comment,50,ACl,3.0,8,21.051,0.0588052,1,9.15383053,38,2584.478,-1430624985.0,5.96478,0.741,36.56617010407458,56.73244656479746,14.74306915918089,5.00247393396058,2.9471556181620007,3.2225682295326408,3.638907847476652
45451,20140905172502580.NOFL.1-8.fb1,NOFL,64.9238,-16.8337,2014-09-05 17:25:02.580,2014,248.726,65.0364,-16.5662,17.8114,1.4,-12345,-12345,143.743,13.9,15.481483,3.86622,0.18375,0.004687,-1.0,8.0,0.0,anginc_corr,ass_5_16,Oct,comment,50,ACl,1.0,8,35.257,0.0588052,1,3.49995971,37,49475270.0,-1409937985.0,7.20545,0.741,35.42522600581905,40.72692906347796,19.81997117270952,6.545553375813883,3.0280054312818243,2.806696423976973,4.176994827373704
45452,20150512191549560.NOFL.4-10.fb1,NOFL,64.9238,-16.8337,2015-05-12 19:15:49.560,2015,132.803,65.1376,-16.8367,23.8391,1.3,-12345,-12345,105.104,14.099999,15.481406,3.26135,0.12,0.001875,51.0,5.75,0.0,anginc_corr,ass_5_15,Oct,comment,50,ACl,4.0,10,54.104,0.0588052,1,6.07469463,32,15920.86,-1431457985.0,6.63504,0.741,33.58434156749819,38.14750480023549,26.37645396076421,8.267229781614494,3.190482744222599,1.4514375813490688,5.089549781454755
45453,20150728094602200.NOFL.4-10.fb1,NOFL,64.9238,-16.8337,2015-07-28 09:46:02.200,2015,209.407,65.0149,-16.685,12.349,2.2,-12345,-12345,145.9,13.9,15.437492,3.59297,0.27,0.002812,-75.0,6.5,0.0,anginc_corr,ass_5_15,Oct,comment,50,ACl,4.0,10,40.9,0.0588052,1,3.89023471,41,931.2178,-1438076985.0,7.26041,0.741,36.68448443019973,56.976177298102336,13.835320025689857,4.7379085245597805,2.920132365150582,5.694097828999389,3.580176401816172
45454,20150512182306180.NOFL.4-10.fb1,NOFL,64.9238,-16.8337,2015-05-12 18:23:06.180,2015,132.766,65.1367,-16.8367,23.7391,1.8,-12345,-12345,113.807,14.7,15.340878,3.38047,0.12,0.0,54.0,2.75,0.0,anginc_corr,ass_5_15,Oct,comment,50,ACl,4.0,10,59.807,0.0588052,1,32.8475189,26,232.3916,-1431454985.0,5.46177,0.741,33.54625181104569,44.92823963887578,26.05818857811507,8.078036803726285,3.225807112700303,1.4854275046133123,5.119762154342372
45455,20150724101317120.NOFL.4-10.fb1,NOFL,64.9238,-16.8337,2015-07-24 10:13:17.120,2015,205.426,65.0194,-16.6744,13.0456,2.3,-12345,-12345,149.247,13.9,15.379937,4.29441,0.11625,0.00375,-51.0,4.25,0.0,anginc_corr,ass_5_15,Oct,comment,50,ACl,4.0,10,20.247,0.0588052,1,6.00680685,35,413.6554,-1437732985.0,7.56526,0.741,36.57226301627233,57.68773453038139,14.516907665385576,4.925282144865814,2.9474266119999264,2.3599422474376297,3.635881113957801
45456,20150402235433840.NOFL.4-10.fb1,NOFL,64.9238,-16.8337,2015-04-02 23:54:33.840,2015,92.9961,65.1115,-16.879,21.0391,1.2,-12345,-12345,100.891,13.9,15.612832,4.94494,0.12375,0.001875,35.0,3.25,0.0,anginc_corr,ass_5_15,Oct,comment,50,ACl,4.0,10,65.891,0.0588052,1,17.1248436,27,1982.201,-1428018985.0,4.96324,0.741,34.14675853238165,38.44419249356143,23.466264081399107,7.529886807000112,3.116416578743765,1.6433400434038958,4.767828090782637
45457,20150502071730340.NOFL.3-8.fb1,NOFL,64.9238,-16.8337,2015-05-02 07:17:30.340,2015,122.304,65.1034,-16.8619,20.0779,1.1,-12345,-12345,76.333,14.7,15.410587,3.61398,0.04875,0.000937,27.0,4.5,0.0,anginc_corr,ass_5_15,Oct,comment,50,ACl,3.0,8,49.333,0.0588052,1,36.0368271,19,412.2793,-1430550985.0,5.72034,0.741,34.535186415995106,38.52564562583676,22.443143154576493,7.294336438694361,3.076790239002696,0.668319264599404,4.572125333882752
45458,20150522160422180.NOFL.3-8.fb1,NOFL,64.9238,-16.8337,2015-05-22 16:04:22.180,2015,142.67,65.0212,-16.6702,13.3245,2.2,-12345,-12345,7.311,13.9,15.567961,4.20312,0.10875,0.004687,40.0,9.25,0.0,anginc_corr,ass_5_15,Oct,comment,50,ACl,3.0,8,32.689,0.0588052,1,5.40991783,26,10520.93,-1432310985.0,5.56144,0.741,36.55376972431797,56.70697139159997,14.826239418921142,5.026593287019699,2.94956018367496,2.163240013834411,3.645068635078324
45459,20150513170346260.NOFL.4-10.fb1,NOFL,64.9238,-16.8337,2015-05-13 17:03:46.260,2015,133.711,65.1367,-16.8388,23.7394,1.8,-12345,-12345,102.482,14.099999,15.329964,3.44359,0.12375,0.001875,34.0,4.0,0.0,anginc_corr,ass_5_15,Oct,comment,50,ACl,4.0,10,68.482,0.0588052,1,10.1262236,32,401.0978,-1431536985.0,5.2445,0.741,33.54615464399645,44.92809345937594,26.05900972181218,8.0782544208822,3.2258218625115256,1.531800489789248,5.119839243208418
45460,20150215113824100.NOFL.3-8.fb1,NOFL,64.9238,-16.8337,2015-02-15 11:38:24.100,2015,46.4849,65.0203,-16.668,13.3021,2.1,-12345,-12345,84.354,14.3,15.332976,4.40879,0.1425,0.002812,26.0,5.75,0.0,anginc_corr,ass_5_15,Oct,comment,50,ACl,3.0,8,58.354,0.0588052,1,8.84130287,22,934421.7,-1423999985.0,5.76006,0.741,36.579482502533175,55.839651825335,14.831944332611814,5.040221000424894,2.9427170616846903,2.826692221233884,3.632295049195617
45461,20150709140543520.NOFL.4-10.fb1,NOFL,64.9238,-16.8337,2015-07-09 14:05:43.520,2015,190.587,65.0149,-16.668,12.8225,2.1,-12345,-12345,75.742,13.9,15.374393,7.49867,0.15,0.001875,11.0,10.0,0.0,anginc_corr,ass_5_16,Oct,comment,50,ACl,4.0,10,64.742,0.0588052,1,3.48048663,32,8010.941,-1436450985.0,7.8125,0.741,36.64560327695971,55.97111753970676,14.342128491139633,4.897665215453191,2.928360322769127,3.061965952547041,3.599467129829636
45462,20140829053026720.NOFL.0.2-3.fb1,NOFL,64.9238,-16.8337,2014-08-29 05:30:26.720,2014,241.229,65.0525,-16.5449,19.7971,0.8,-12345,-12345,74.953,14.099999,15.780488,3.16663,0.26,0.01,45.0,6.75,0.0,anginc_corr,ass_5_15,Oct,comment,50,ACl,0.2,3,29.953,0.0588052,1,4.43187189,29,18537540.0,-1409289985.0,2.82867,0.741,34.67344083437994,37.48830964546666,22.265728594697727,7.321473915543172,3.0411538511977145,3.5500786196870138,4.503593706576369
45463,20150823085229160.NOFL.4-10.fb1,NOFL,64.9238,-16.8337,2015-08-23 08:52:29.160,2015,235.37,65.0212,-16.6723,13.2666,2.1,-12345,-12345,106.392,13.9,15.398053,4.921,0.14625,0.000937,49.0,6.0,0.0,anginc_corr,ass_5_15,Oct,comment,50,ACl,4.0,10,57.392,0.0588052,1,6.98968458,44,1531.179,-1440319985.0,8.79979,0.741,36.58477885483143,55.8501701399146,14.795060651028834,5.029511150650039,2.941649835912313,2.907222853224312,3.6296644571720416
45464,20150410012046460.NOFL.4-10.fb1,NOFL,64.9238,-16.8337,2015-04-10 01:20:46.460,2015,100.056,65.0212,-16.6723,13.2666,2.0,-12345,-12345,176.714,14.099999,15.423417,3.19136,0.105,0.0225,45.0,7.5,0.0,anginc_corr,ass_5_15,Oct,comment,50,ACl,4.0,10,48.286,0.0588052,1,3.49582434,29,3246.183,-1428628985.0,6.32925,0.741,36.605540981457686,54.99086347022708,14.823099342572844,5.049964239969644,2.935287981893105,2.0789979720760243,3.619354065787944
45465,20140830120000040.NOFL.1-8.fb1,NOFL,64.9238,-16.8337,2014-08-30 12:00:00.040,2014,242.5,65.031,-16.6256,15.4777,2.4,-12345,-12345,9.268,13.9,15.528897,4.32492,0.12375,0.005625,46.0,8.75,0.0,anginc_corr,ass_5_15,Oct,comment,50,ACl,1.0,8,36.732,0.0588052,1,3.35465026,24,4063253.0,-1409399985.0,6.16587,0.741,36.06079759536748,57.537953105873726,16.988033473337076,5.619103451896991,3.023264052489009,2.202041651383979,3.8909401992280994
45466,20150726011715480.NOFL.4-10.fb1,NOFL,64.9238,-16.8337,2015-07-26 01:17:15.480,2015,207.054,65.0274,-16.7147,12.8478,4.9,-12345,-12345,175.807,13.9,15.656067,5.3187,0.0825,0.004687,52.0,9.25,0.0,anginc_corr,ass_5_15,Oct,comment,50,ACl,4.0,10,56.193,0.0588052,1,20.8191776,19,457.6179,-1437872985.0,4.58777,0.741,33.78781587564314,85.83124110722531,14.4093997869299,4.637981977662196,3.106825308146853,1.7786501862133264,4.952930563062729
45467,20150722065116160.NOFL.4-10.fb1,NOFL,64.9238,-16.8337,2015-07-22 06:51:16.160,2015,203.286,65.022,-16.6723,13.3484,0.3,-12345,-12345,158.691,14.7,15.409289,3.1668,0.09375,0.006563,-42.0,6.5,0.0,anginc_corr,ass_5_15,Oct,comment,50,ACl,4.0,10,20.691,0.0588052,1,5.34927559,25,679.1228,-1437547985.0,6.17532,0.741,36.77157447953774,37.80316367253479,15.617174258365765,5.627102717716302,2.775349063594813,1.665928277007822,3.5370024136621607
45468,20150402213546320.NOFL.4-10.fb1,NOFL,64.9238,-16.8337,2015-04-02 21:35:46.320,2015,92.8998,65.1115,-16.8769,21.0296,1.3,-12345,-12345,98.819,14.099999,15.612832,4.07454,0.12375,0.00375,30.0,4.0,0.0,anginc_corr,ass_5_15,Oct,comment,50,ACl,4.0,10,68.819,0.0588052,1,10.2676191,27,1385.858,-1428009985.0,4.96324,0.741,34.118031607732384,38.77958772149415,23.41631438052518,7.492197104640805,3.1254269012784888,1.6516057857970168,4.78249420667784
45469,20150422205303980.NOFL.2-6.fb1,NOFL,64.9238,-16.8337,2015-04-22 20:53:03.980,2015,112.87,65.1205,-16.8599,21.9691,1.0,-12345,-12345,77.101,14.099999,15.524768,4.2778,0.13875,0.002812,22.0,6.25,0.0,anginc_corr,ass_5_15,Oct,comment,50,ACl,2.0,6,55.101,0.0588052,1,10.3438702,30,10469.05,-1429735985.0,5.07812,0.741,33.823713913137446,37.34284133193297,24.58441317341068,7.859227561331197,3.128095347992006,1.7653031327640178,4.934214909465161
45470,20140830101025320.NOFL.0.8-6.fb1,NOFL,64.9238,-16.8337,2014-08-30 10:10:25.320,2014,242.424,65.0999,-16.83,19.6405,2.3,-12345,-12345,169.543,13.9,15.757836,3.1194,0.19125,0.005625,-43.0,6.25,0.0,anginc_corr,ass_5_15,Oct,comment,50,ACl,0.8,6,32.543,0.0588052,1,3.6825242,42,2218275.0,-1409392985.0,3.50561,0.741,34.25334779647906,52.97412869519386,21.58600010036748,6.827926530382329,3.1614282907579523,2.8004475760596392,4.7136336886888985
45471,20150513174050300.NOFL.4-10.fb1,NOFL,64.9238,-16.8337,2015-05-13 17:40:50.300,2015,133.737,65.1358,-16.8366,23.6391,1.2,-12345,-12345,103.151,14.3,15.414229,4.74413,0.12,0.000937,37.0,3.5,0.0,anginc_corr,ass_5_15,Oct,comment,50,ACl,4.0,10,66.151,0.0588052,1,13.0061436,32,82676.0,-1431538985.0,5.2445,0.741,33.61275785213578,37.81989360775026,26.21603263677826,8.247385196356392,3.1787084042540203,1.454929613237255,5.067029065016338
45472,20150802010029180.NOFL.1-8.fb1,NOFL,64.9238,-16.8337,2015-08-02 01:00:29.180,2015,214.042,65.0212,-16.6765,13.1522,2.1,-12345,-12345,164.847,13.9,15.527879,3.51306,0.1125,0.002812,29.0,6.5,0.0,anginc_corr,ass_5_15,Oct,comment,50,ACl,1.0,8,44.153,0.0588052,1,3.33255339,40,80668.27,-1438476985.0,6.27297,0.741,36.60092349413014,55.88224578132206,14.68033454709876,4.996172141156938,2.938316401503994,2.251438507896353,3.6216468521526126
45473,20140909184856380.NOFL.4-10.fb1,NOFL,64.9238,-16.8337,2014-09-09 18:48:56.380,2014,252.784,65.0212,-16.6765,13.1522,2.0,-12345,-12345,78.33,13.9,15.482561,3.79814,0.18,0.019687,26.0,8.0,0.0,anginc_corr,ass_5_16,Oct,comment,50,ACl,4.0,10,52.33,0.0588052,1,3.0824883,36,7813628.0,-1410288985.0,7.57324,0.741,36.621046319549926,55.020672218068,14.70845865731796,5.016609053391763,2.931952340869272,3.5869269636556567,3.611655985054528
45474,20150806091434620.NOFL.2-3.fb1,NOFL,64.9238,-16.8337,2015-08-06 09:14:34.620,2015,218.385,65.0212,-16.6702,13.3245,2.1,-12345,-12345,85.034,14.7,16.123079,3.72897,0.265,0.0075,49.0,5.75,0.0,anginc_corr,ass_5_15,Oct,comment,50,ACl,2.0,3,36.034,0.0588052,1,6.03359699,29,458.0056,-1438851985.0,1.95312,0.741,36.57640406445053,55.83353916337414,14.853219452472349,5.04639674133321,2.943331690672476,5.247656397265388,3.633824130616816
45475,20150423064808100.NOFL.3-8.fb1,NOFL,64.9238,-16.8337,2015-04-23 06:48:08.100,2015,113.283,65.0212,-16.6702,13.3245,2.2,-12345,-12345,174.894,13.9,15.570696,4.60918,0.10125,0.004687,32.0,9.5,0.0,anginc_corr,ass_5_15,Oct,comment,50,ACl,3.0,8,37.106,0.0588052,1,5.56768894,19,56188.91,-1429771985.0,5.46177,0.741,36.55376972431797,56.70697139159997,14.826239418921142,5.026593287019699,2.94956018367496,2.014082423873731,3.645068635078324
