,1event,stat,slat,slon,5cuspid,year,doy_det,evla,evlo,10dist(ev-stat),depthkm,mag,baz,spol,wbeg,wend,20SNR,tlag,Dtlag,fast,Dfast,25anginc,anginc_corr,type_ini,timestamp,comment,30nyquist,gradeABCNR,filt_lo,filt_HI,spol-fast,35bandang,pickgrade,lambdamax,ndf,lambda2_min,40ttime,maxfreq,Elev,anginc_epi,takeoff_ang_epi,path_length_source_to_station_km,traveltime_source_to_station_s,v_avg_source_to_station_kms,SWA_source_to_station,max_ray_depth_km
38234,20070827195545740.RODGA.4-10.fb1,RODGA,64.9851,-16.8864,2007-08-27 19:55:45.740,2007,239.83,65.0238,-16.6787,10.7067,2.1,-12345,-12345,30.418,14.3,15.453848,4.25369,0.046875,0.00625,10.0,7.25,0.0,anginc_corr,ass_5_16,Apr,comment,20,ACl,4.0,10,20.418,0.0588052,1,11.6742382,33,362.2101,-1188244985.0,7.94118,1.022,36.82526506236244,56.330035652946165,12.20217193671261,4.267546491342662,2.8592944356825374,1.0983731827508336,3.51041028131291
38235,20071214004149500.RODGA.4-10.fb1,RODGA,64.9851,-16.8864,2007-12-14 00:41:49.500,2007,348.029,65.014,-16.668,10.7921,2.1,-12345,-12345,145.849,14.099999,15.524525,4.26687,0.075,0.001563,-1.0,6.5,0.0,anginc_corr,ass_5_15,Apr,comment,20,ACl,4.0,10,33.151,0.0588052,1,6.86850119,38,2204.733,-1197592985.0,6.37195,1.022,36.82138105293474,56.32224969282043,12.291895756322155,4.294171127198714,2.862460622136577,1.7464204163758268,3.5123333467716336
38236,20071031104726200.RODGA.0.5-5.fb1,RODGA,64.9851,-16.8864,2007-10-31 10:47:26.200,2007,304.45,65.0131,-16.668,10.763,2.1,-12345,-12345,142.617,13.9,16.070503,6.24028,0.10625,0.0125,-16.0,5.75,0.0,anginc_corr,ass_5_15,Apr,comment,20,ACl,0.5,5,21.383,0.0588052,1,3.7428484,35,141440300.0,-1193827985.0,1.59091,1.022,36.82269218280098,56.32487787564392,12.262436619872409,4.285431130851937,2.8614242640820726,2.478949575728961,3.511684164273152
38237,20070905234444920.RODGA.3-8.fb1,RODGA,64.9851,-16.8864,2007-09-05 23:44:44.920,2007,248.989,65.005,-16.668,10.5402,6.0,-12345,-12345,142.841,13.9,15.454884,10.6953,0.13125,0.001563,-16.0,1.75,0.0,anginc_corr,ass_5_15,Apr,comment,20,ACl,3.0,8,21.159,0.0588052,1,19.7516441,52,6366.2,-1189035985.0,6.37195,1.022,31.82623148731309,104.2982496584448,12.479612243487562,4.040998628763683,3.0882495615460326,3.247103392081385,6.0
38238,20071211112035220.RODGA.4-10.fb1,RODGA,64.9851,-16.8864,2007-12-11 11:20:35.220,2007,345.473,65.0212,-16.6702,10.9617,2.9,-12345,-12345,131.314,14.5,15.497317,4.50756,0.146875,0.001563,-24.0,3.25,0.0,anginc_corr,ass_5_15,Apr,comment,20,ACl,4.0,10,24.686,0.0588052,1,11.3649921,33,4177.778,-1197371985.0,6.62791,1.022,36.70188210081083,63.40690693415287,12.26025953068882,4.206250500655655,2.9147716068688103,3.490763486443882,3.5715477741755848
38239,20071118223119140.RODGA.4-10.fb1,RODGA,64.9851,-16.8864,2007-11-18 22:31:19.140,2007,322.938,65.022,-16.6893,10.1684,2.0,-12345,-12345,95.937,14.7,15.408274,3.54334,0.05,0.001563,70.0,4.25,0.0,anginc_corr,ass_5_15,Apr,comment,20,ACl,4.0,10,25.937,0.0588052,1,15.2350302,33,1614.803,-1195424985.0,6.10938,1.022,42.97597162495877,69.44703672090426,11.0094782351447,4.126321441015984,2.668109693469238,1.2116885579132486,2.6555697885057814
38240,20071103213521700.RODGA.4-10.fb1,RODGA,64.9851,-16.8864,2007-11-03 21:35:21.700,2007,307.899,65.0586,-16.8593,8.29183,5.1,-12345,-12345,38.881,14.7,15.435549,15.5021,0.215625,0.003125,17.0,3.0,0.0,anginc_corr,ass_5_16,Apr,comment,20,ACl,4.0,10,21.881,0.0588052,1,40.6754456,22,3939.657,-1194125985.0,6.54762,1.022,32.68789129793483,102.4043736667124,10.031172807913826,3.394867032504051,2.954805802958015,6.345107754140145,5.1
38241,20071222214008880.RODGA.2-3.fb1,RODGA,64.9851,-16.8864,2007-12-22 21:40:08.880,2007,356.903,65.014,-16.685,10.0306,7.2,-12345,-12345,125.021,13.9,16.226383,14.1947,0.08125,0.00625,-14.0,9.25,0.0,anginc_corr,ass_5_15,Apr,comment,20,ACl,2.0,3,40.979,0.0588052,1,12.0705166,25,1231.665,-1198359985.0,2.1875,1.022,29.447509145693143,115.2388879749038,12.57938873146556,4.024751062165564,3.1255072766406267,2.018552757793657,7.199999999999999
38242,20071007005502980.RODGA.1-8.fb1,RODGA,64.9851,-16.8864,2007-10-07 00:55:02.980,2007,280.038,65.0149,-16.668,10.8221,1.3,-12345,-12345,11.03,13.9,15.885641,4.3327,0.0625,0.00625,-13.0,7.25,0.0,anginc_corr,ass_5_15,Apr,comment,20,ACl,1.0,8,24.03,0.0588052,1,3.31746316,38,689417.8,-1191718985.0,3.19712,1.022,43.27759939665389,49.951350123657306,11.842451115886348,4.507870508819808,2.6270610685724387,1.38639733772834,2.586871600266674
38243,20070902093924000.RODGA.4-10.fb1,RODGA,64.9851,-16.8864,2007-09-02 09:39:24.000,2007,245.402,65.0104,-16.668,10.6808,4.3,-12345,-12345,126.95,13.9,15.386524,7.16278,0.134375,0.002344,-27.0,3.75,0.0,anginc_corr,ass_5_15,Apr,comment,20,ACl,4.0,10,26.05,0.0588052,1,11.9617682,32,10107.95,-1188725985.0,6.62791,1.022,35.08254657198886,87.00427311400736,12.061985142828714,4.039557163555977,2.9859671876039706,3.325558770100656,4.323824970812772
38244,20070916111123020.RODGA.4-10.fb1,RODGA,64.9851,-16.8864,2007-09-16 11:11:23.020,2007,259.466,64.987,-16.7951,4.31471,5.9,-12345,-12345,17.402,13.9,15.308151,25.8689,0.021875,0.0,50.0,2.25,0.0,anginc_corr,ass_5_16,Apr,comment,20,ACl,4.0,10,32.598,0.0588052,1,60.2881699,48,567.5763,-1189940985.0,5.92105,1.022,22.82779655937073,134.56098822285452,7.3653019089406,2.5441150448570715,2.8950349253385994,0.8598115778085003,5.9
38245,20071013105126800.RODGA.4-10.fb1,RODGA,64.9851,-16.8864,2007-10-13 10:51:26.800,2007,286.452,65.0238,-16.6893,10.2505,2.8,-12345,-12345,19.519,13.9,15.280328,4.57673,0.078125,0.001563,-32.0,6.0,0.0,anginc_corr,ass_5_15,Apr,comment,20,ACl,4.0,10,51.519,0.0588052,1,6.103508,32,2673.213,-1192272985.0,9.19492,1.022,36.78303280039355,62.715270974024136,11.563641810811768,4.009680705798136,2.8839308312231307,1.948224621638417,3.531325716516661
38246,20070903004609620.RODGA.2-6.fb1,RODGA,64.9851,-16.8864,2007-09-03 00:46:09.620,2007,246.032,65.0382,-16.7105,10.1849,3.0,-12345,-12345,82.008,14.7,15.519513,3.7487,0.203125,0.00625,21.0,7.25,0.0,anginc_corr,ass_5_15,Apr,comment,20,ACl,2.0,6,61.008,0.0588052,1,4.82592583,23,44728.66,-1188779985.0,4.52586,1.022,36.75591429273361,64.4888726630695,11.463527272795496,3.963287510185233,2.8924288846911645,5.121803192319874,3.544762177219175
38247,20071029001452600.RODGA.1-8.fb1,RODGA,64.9851,-16.8864,2007-10-29 00:14:52.600,2007,302.01,65.022,-16.6702,10.9984,2.1,-12345,-12345,129.479,14.3,15.886605,3.0826,0.3,0.009375,-29.0,7.75,0.0,anginc_corr,ass_5_15,Apr,comment,20,ACl,1.0,8,21.521,0.0588052,1,3.27150011,31,108590.3,-1193616985.0,2.14286,1.022,36.81143503411754,56.30231714635415,12.494142977182037,4.354128200767615,2.869493593454453,6.881855257701375,3.51725830223742
38248,20070920110847200.RODGA.2-6.fb1,RODGA,64.9851,-16.8864,2007-09-20 11:08:47.200,2007,263.464,65.0122,-16.6892,9.77827,7.0,-12345,-12345,151.444,13.9,15.764566,4.99429,0.10625,0.003906,-3.0,5.75,0.0,anginc_corr,ass_5_15,Apr,comment,20,ACl,2.0,6,25.556,0.0588052,1,7.19596004,47,19862.45,-1190285985.0,3.40909,1.022,29.59590251755082,114.8144138694592,12.260309690306729,3.9405131873774297,3.11134847348816,2.695859402879819,7.0
38249,20071029183158080.RODGA.3-8.fb1,RODGA,64.9851,-16.8864,2007-10-29 18:31:58.080,2007,302.772,65.022,-16.685,10.3519,2.0,-12345,-12345,148.383,14.3,15.354909,3.56514,0.1,0.005469,-11.0,7.25,0.0,anginc_corr,ass_5_16,Apr,comment,20,ACl,3.0,8,20.617,0.0588052,1,7.19880199,25,1678.743,-1193682985.0,7.02778,1.022,36.840927092427954,55.445151022555976,11.879985945278412,4.183033970304045,2.8400405135641087,2.3902678596144256,3.502656628162775
38250,20070918171058080.RODGA.1-8.fb1,RODGA,64.9851,-16.8864,2007-09-18 17:10:58.080,2007,261.716,65.0113,-16.6871,9.8437,7.8,-12345,-12345,41.371,14.5,15.629001,3.89159,0.0625,0.002344,-4.0,5.75,0.0,anginc_corr,ass_5_15,Apr,comment,20,ACl,1.0,8,45.371,0.0588052,1,5.89520693,28,121449.1,-1190134985.0,2.85,1.022,28.22497527025387,119.18411813060936,12.752045722073303,4.054258884029009,3.1453456937117634,1.5414971997074645,7.800000000000001
38251,20071031104900900.RODGA.4-10.fb1,RODGA,64.9851,-16.8864,2007-10-31 10:49:00.900,2007,304.451,65.014,-16.6701,10.6966,1.9,-12345,-12345,90.7,13.9,15.303914,4.04925,0.146875,0.002344,-28.0,4.5,0.0,anginc_corr,ass_5_15,Apr,comment,20,ACl,4.0,10,61.3,0.0588052,1,5.09098768,42,4081.742,-1193827985.0,7.27041,1.022,36.835630972125,52.63888516821118,12.259178692011623,4.307984118781153,2.845687995590866,3.4083770889907328,3.5052783507220893
38252,20071026022709740.RODGA.2-6.fb1,RODGA,64.9851,-16.8864,2007-10-26 02:27:09.740,2007,299.102,65.031,-16.7254,9.15457,1.0,-12345,-12345,2.196,14.099999,15.73999,3.27429,0.146875,0.00625,-56.0,8.25,0.0,anginc_corr,ass_5_16,Apr,comment,20,ACl,2.0,6,58.196,0.0588052,1,3.97076297,24,488008.1,-1193365985.0,3.32386,1.022,44.86485141147994,50.240071513466695,10.14430619473239,4.021873680732112,2.5222836419083645,3.650688078624853,2.2942923463139167
38253,20071119225228100.RODGA.4-10.fb1,RODGA,64.9851,-16.8864,2007-11-19 22:52:28.100,2007,323.953,65.0212,-16.685,10.3128,2.2,-12345,-12345,18.004,14.099999,15.33265,5.94168,0.0625,0.002344,-30.0,5.5,0.0,anginc_corr,ass_5_15,Apr,comment,20,ACl,4.0,10,48.004,0.0588052,1,7.23516989,26,2001.245,-1195512985.0,9.05172,1.022,36.83386033261044,57.2856520862946,11.785479565659458,4.132894871291783,2.851628200737604,1.512170743257002,3.506154905586192
38254,20071221012543740.RODGA.3-8.fb1,RODGA,64.9851,-16.8864,2007-12-21 01:25:43.740,2007,355.059,65.0203,-16.6638,11.2066,3.1,-12345,-12345,151.834,13.9,15.500134,3.11755,0.128125,0.004688,-8.0,4.0,0.0,anginc_corr,ass_5_15,Apr,comment,20,ACl,3.0,8,20.166,0.0588052,1,6.23858881,34,1278.37,-1198199985.0,5.19097,1.022,36.62200602463143,66.73569285896157,12.470042403034174,4.250829084417417,2.933555350119003,3.0134336284888263,3.611179562137514
38255,20071107112247860.RODGA.4-10.fb1,RODGA,64.9851,-16.8864,2007-11-07 11:22:47.860,2007,311.474,65.0301,-16.6893,10.5625,3.0,-12345,-12345,36.596,14.7,15.528423,3.11681,0.05,0.002344,9.0,6.0,0.0,anginc_corr,ass_5_15,Apr,comment,20,ACl,4.0,10,27.596,0.0588052,1,6.75873089,34,1260.625,-1194434985.0,5.60764,1.022,36.7218560659655,64.393463922359,11.837116362533918,4.073353512094126,2.9059879844429246,1.227443593572275,3.56164380387943
38256,20071104163935600.RODGA.2-6.fb1,RODGA,64.9851,-16.8864,2007-11-04 16:39:35.600,2007,308.694,65.0059,-16.7295,7.75568,2.0,-12345,-12345,85.548,14.5,15.40678,3.11021,0.065625,0.004688,22.0,7.0,0.0,anginc_corr,ass_5_16,Apr,comment,20,ACl,2.0,6,63.548,0.0588052,1,11.9519911,18,74848.06,-1194193985.0,6.40244,1.022,44.61849459130169,74.74598049390258,8.47327546032063,3.301249391260087,2.5666874737647074,1.987687395761384,2.33551692330164
38257,20071023145401520.RODGA.2-6.fb1,RODGA,64.9851,-16.8864,2007-10-23 14:54:01.520,2007,296.621,65.0229,-16.685,10.3918,2.1,-12345,-12345,114.277,13.9,15.631345,4.12577,0.071875,0.008594,-36.0,6.75,0.0,anginc_corr,ass_5_16,Apr,comment,20,ACl,2.0,6,29.723,0.0588052,1,3.80327487,27,37951.13,-1193150985.0,3.0,1.022,36.83623436566148,56.3520313763516,11.889958053148629,4.174783356952348,2.848041930929912,1.72151866548802,3.5049796454648856
