,1event,stat,slat,slon,5cuspid,year,doy_det,evla,evlo,10dist(ev-stat),depthkm,mag,baz,spol,wbeg,wend,20SNR,tlag,Dtlag,fast,Dfast,25anginc,anginc_corr,type_ini,timestamp,comment,30nyquist,gradeABCNR,filt_lo,filt_HI,spol-fast,35bandang,pickgrade,lambdamax,ndf,lambda2_min,40ttime,maxfreq,Elev,anginc_epi,takeoff_ang_epi,path_length_source_to_station_km,traveltime_source_to_station_s,v_avg_source_to_station_kms,SWA_source_to_station,max_ray_depth_km
38178,20080804035044740.VIBR.1-8.fb1,VIBR,65.0662,-16.7326,2008-08-04 03:50:44.740,2008,217.16,65.0409,-16.7318,2.82615,2.2,-12345,-12345,162.183,13.9,15.391857,4.25804,0.02625,0.001875,9.0,5.5,0.0,anginc_corr,ass_5_15,Apr,comment,50,ACl,1.0,8,26.817,0.0588052,1,9.01304531,35,7073.069,-1217821985.0,7.41674,1.11,41.878062111341954,110.46552764147296,3.6136712763505257,1.5629708838796,2.3120528434801586,1.6793754411949635,2.2
38179,20081006204228660.VIBR.1-8.fb1,VIBR,65.0662,-16.7326,2008-10-06 20:42:28.660,2008,280.863,65.066,-16.7255,0.331744,2.7,-12345,-12345,42.849,13.9,15.582683,3.56956,0.035,0.0075,68.0,9.5,0.0,anginc_corr,ass_5_15,Apr,comment,25,ACl,1.0,8,25.151,0.0588052,1,3.59312296,31,1652463.0,-1223325985.0,4.6875,1.11,5.893143258471277,171.30568892716698,2.720872891365308,1.1537788118642565,2.358227472533464,3.032812826057807,2.7
38180,20080901055154660.VIBR.1-8.fb1,VIBR,65.0662,-16.7326,2008-09-01 05:51:54.660,2008,245.244,65.1485,-16.6876,9.41824,5.9,-12345,-12345,96.615,13.9,15.4197,5.99903,0.0175,0.000625,-49.0,6.0,0.0,anginc_corr,ass_5_16,Apr,comment,25,ACl,1.0,8,34.385,0.0588052,1,13.9052944,55,113899.5,-1220247985.0,6.54872,1.11,31.439776222982783,106.67733827209304,11.415712226353314,3.743937798948351,3.0491190931537155,0.4674197423696569,5.9
38181,20080910101011160.VIBR.4-10.fb1,VIBR,65.0662,-16.7326,2008-09-10 10:10:11.160,2008,254.424,65.0283,-16.685,4.77861,3.2,-12345,-12345,95.446,14.099999,15.462785,7.65153,0.0375,0.001875,-16.0,3.0,0.0,anginc_corr,ass_5_15,Apr,comment,25,ACl,4.0,10,68.554,0.0588052,1,35.482132,29,1371.494,-1221040985.0,7.65427,1.11,38.49121964115855,101.94041885025304,5.873469441550159,2.294860004585328,2.5594020680191654,1.6339775371974952,3.2
38182,20070728104545000.VIBR.2-6.fb1,VIBR,65.0662,-16.7326,2007-07-28 10:45:45.000,2007,209.448,65.0703,-16.8212,4.19619,3.1,-12345,-12345,101.863,14.7,15.463261,3.68909,0.195,0.000937,-33.0,2.75,0.0,anginc_corr,ass_5_15,Apr,comment,50,ACl,2.0,6,45.137,0.0588052,1,26.3162518,25,1256.874,-1185619985.0,4.78316,1.11,37.988101903704525,108.57649661045085,5.29658089716201,2.104123056105569,2.5172391328505395,9.24770484390578,3.1
38183,20080803231004380.VIBR.1-8.fb1,VIBR,65.0662,-16.7326,2008-08-03 23:10:04.380,2008,216.965,65.0167,-16.6659,6.35118,2.3,-12345,-12345,155.564,13.9,15.495492,6.07523,0.02625,0.001875,-4.0,3.5,0.0,anginc_corr,ass_5_15,Apr,comment,50,ACl,1.0,8,20.436,0.0588052,1,13.6568203,31,4629.385,-1217804985.0,6.72554,1.11,44.484820313894105,83.67730575045668,7.056077739197996,2.7925853409529173,2.5267187490106364,0.9399684153436284,2.3580513569985886
38184,20081030163536140.VIBR.4-10.fb1,VIBR,65.0662,-16.7326,2008-10-30 16:35:36.140,2008,304.691,65.0677,-16.8148,3.87322,3.1,-12345,-12345,113.907,13.9,15.609278,4.87355,0.035,0.005,-39.0,7.0,0.0,anginc_corr,ass_5_15,Apr,comment,25,ACl,4.0,10,27.093,0.0588052,1,4.82640553,36,2034.048,-1225384985.0,5.07061,1.11,37.00741014378658,112.03024217087444,5.025822637750464,2.0068276773084275,2.5043618316502068,1.7439135066595668,3.1
38185,20070718203247600.VIBR.1-8.fb1,VIBR,65.0662,-16.7326,2007-07-18 20:32:47.600,2007,199.856,65.022,-16.6808,5.49306,2.3,-12345,-12345,77.815,13.9,15.463844,5.81821,0.03,0.001875,-33.0,3.25,0.0,anginc_corr,ass_5_15,Apr,comment,50,ACl,1.0,8,69.185,0.0588052,1,17.3496208,34,109355.0,-1184790985.0,4.76722,1.11,44.79288791820076,87.92468293872184,6.191101209700658,2.49574596758918,2.480661609835671,1.2020019979189556,2.3062488436974755
38186,20070708021017100.VIBR.1-8.fb1,VIBR,65.0662,-16.7326,2007-07-08 02:10:17.100,2007,189.09,65.0649,-16.8318,4.67103,3.0,-12345,-12345,77.612,13.9,15.563375,5.19833,0.03375,0.0075,-36.0,7.5,0.0,anginc_corr,ass_5_15,Apr,comment,50,ACl,1.0,8,66.388,0.0588052,1,12.0857639,46,20257.26,-1183860985.0,4.58777,1.11,39.8181128575909,105.03615161092316,5.660073446733246,2.243195526805324,2.52321894328762,1.5044649403279209,3.0
38187,20081010064053880.VIBR.4-10.fb1,VIBR,65.0662,-16.7326,2008-10-10 06:40:53.880,2008,284.278,65.0498,-16.7531,2.06731,2.6,-12345,-12345,132.053,13.9,15.428734,7.10563,0.0475,0.0025,-23.0,4.5,0.0,anginc_corr,ass_5_15,Apr,comment,25,ACl,4.0,10,24.947,0.0588052,1,15.449913,40,5820.773,-1223620985.0,5.76006,1.11,31.0767317792699,131.08073039550183,3.335877747656828,1.410794374179933,2.3645385952122955,3.365943825365747,2.6
38188,20080901070244700.VIBR.4-10.fb1,VIBR,65.0662,-16.7326,2008-09-01 07:02:44.700,2008,245.293,65.1485,-16.6876,9.41824,6.0,-12345,-12345,98.763,14.099999,15.308907,11.4298,0.02,0.00125,-46.0,4.25,0.0,anginc_corr,ass_5_16,Apr,comment,25,ACl,4.0,10,35.237,0.0588052,1,24.7350941,31,7182.859,-1220252985.0,6.54872,1.11,31.2357162570089,107.65860599082644,11.460676420277986,3.75194142443644,3.054598972583757,0.5330535758560018,6.0
38189,20070710071425980.VIBR.1-8.fb1,VIBR,65.0662,-16.7326,2007-07-10 07:14:25.980,2007,191.302,65.0149,-16.6701,6.43242,2.4,-12345,-12345,71.35,13.9,15.441184,5.33084,0.02625,0.000937,-44.0,3.25,0.0,anginc_corr,ass_5_16,Apr,comment,50,ACl,1.0,8,64.65,0.0588052,1,22.9915123,46,50914.81,-1184051985.0,7.03125,1.11,43.98667500917381,84.54228644337151,7.163394995579115,2.817584246242279,2.542388929499696,0.9316289461196448,2.4436864777928786
38190,20070813023152620.VIBR.4-10.fb1,VIBR,65.0662,-16.7326,2007-08-13 02:31:52.620,2007,225.105,65.0695,-16.8169,3.98691,3.0,-12345,-12345,24.906,13.9,15.336131,4.74883,0.1275,0.00375,-11.0,6.5,0.0,anginc_corr,ass_5_15,Apr,comment,50,ACl,4.0,10,35.906,0.0588052,1,7.51905489,32,4373.544,-1186971985.0,5.63713,1.11,38.18073844642775,111.20879731542848,5.06001943857522,2.028710677151426,2.494204568233528,6.278586105621642,3.0
38191,20080902124102420.VIBR.4-10.fb1,VIBR,65.0662,-16.7326,2008-09-02 12:41:02.420,2008,246.528,65.0212,-16.6744,5.71985,2.5,-12345,-12345,89.567,13.9,15.419619,12.6403,0.04,0.001875,-23.0,3.5,0.0,anginc_corr,ass_5_15,Apr,comment,25,ACl,4.0,10,67.433,0.0588052,1,28.7963581,25,3036.875,-1220358985.0,7.65427,1.11,43.66514513969778,89.72197053372882,6.466389797687739,2.569760033146459,2.516339936134106,1.5564713000884467,2.500142489932502
38192,20081019093027760.VIBR.4-10.fb1,VIBR,65.0662,-16.7326,2008-10-19 09:30:27.760,2008,293.396,65.0212,-16.6808,5.58291,2.7,-12345,-12345,97.605,13.9,15.505503,6.62598,0.025,0.00125,-40.0,9.0,0.0,anginc_corr,ass_5_15,Apr,comment,25,ACl,4.0,10,42.395,0.0588052,1,13.6528435,40,1464.732,-1224408985.0,5.90019,1.11,42.62387412108214,94.44456480923816,6.391573577586964,2.5257700616205265,2.530544515792601,0.9897729052369186,2.7
38193,20080925104811020.VIBR.1-8.fb1,VIBR,65.0662,-16.7326,2008-09-25 10:48:11.020,2008,269.45,65.0149,-16.668,6.47859,2.5,-12345,-12345,76.989,13.9,15.444316,10.5994,0.0325,0.00375,-37.0,5.75,0.0,anginc_corr,ass_5_15,Apr,comment,25,ACl,1.0,8,66.011,0.0588052,1,26.5140076,40,547119.7,-1222339985.0,6.93222,1.11,43.58465177547156,86.8774919299592,7.230123110654628,2.830451273881628,2.5544064924811,1.1481889531324896,2.5180551498860826
38194,20070707055309280.VIBR.3-8.fb1,VIBR,65.0662,-16.7326,2007-07-07 05:53:09.280,2007,188.245,65.0499,-16.5386,9.31152,0.8,-12345,-12345,166.998,13.9,15.685833,9.59987,0.06,0.004687,-80.0,7.5,0.0,anginc_corr,ass_5_16,Apr,comment,50,ACl,3.0,8,66.998,0.0588052,1,4.7337656,35,3119.628,-1183787985.0,4.42708,1.11,44.95002243191508,49.09469691200343,10.361640211431729,4.134599602348618,2.5060806868809986,1.4510919380001042,2.280160764399749
38195,20081001005957780.VIBR.4-10.fb1,VIBR,65.0662,-16.7326,2008-10-01 00:59:57.780,2008,275.041,65.0462,-16.7297,2.22974,2.1,-12345,-12345,134.701,14.099999,15.53502,13.5238,0.07,0.0025,-1.0,5.5,0.0,anginc_corr,ass_5_16,Apr,comment,25,ACl,4.0,10,44.299,0.0588052,1,5.36000824,35,247.889,-1222822985.0,5.36932,1.11,39.3378690257093,118.33708267216592,3.080691429507907,1.3582097395241897,2.268200072388776,5.150425293171423,2.1
38196,20080905160914000.VIBR.1-8.fb1,VIBR,65.0662,-16.7326,2008-09-05 16:09:14.000,2008,249.673,65.0749,-16.7702,2.01971,2.1,-12345,-12345,154.806,13.9,15.468204,8.5989,0.1225,0.0025,-62.0,4.25,0.0,anginc_corr,ass_5_16,Apr,comment,25,ACl,1.0,8,36.806,0.0588052,1,7.76886749,47,621085.8,-1220630985.0,6.5625,1.11,37.229161197354735,122.85363079228637,2.9209849954299174,1.2910618935143352,2.262467051427604,9.467053727325592,2.1
38197,20081025152349740.VIBR.3-8.fb1,VIBR,65.0662,-16.7326,2008-10-25 15:23:49.740,2008,299.641,65.014,-16.668,6.56714,2.2,-12345,-12345,79.103,13.9,15.469961,9.57418,0.04,0.004375,-31.0,5.0,0.0,anginc_corr,ass_5_16,Apr,comment,25,ACl,3.0,8,69.897,0.0588052,1,21.4166832,30,22728.56,-1224947985.0,7.03125,1.11,44.79771033210807,81.45249621773571,7.260181583861602,2.8728623862382445,2.527159539085392,1.3922721036010444,2.30544714893856
38198,20080821014845180.VIBR.3-8.fb1,VIBR,65.0662,-16.7326,2008-08-21 01:48:45.180,2008,234.075,65.0149,-16.668,6.47859,2.2,-12345,-12345,154.082,13.9,15.495492,4.60179,0.02625,0.001875,-2.0,3.25,0.0,anginc_corr,ass_5_15,Apr,comment,50,ACl,3.0,8,23.918,0.0588052,1,14.8651924,37,628.0543,-1219282985.0,6.72554,1.11,44.85333338757137,81.83345153156442,7.168486875667738,2.8418011386728668,2.522515308377789,0.9236902515056044,2.2962050244772145
38199,20070707212934020.VIBR.4-10.fb1,VIBR,65.0662,-16.7326,2007-07-07 21:29:34.020,2007,188.895,65.0947,-16.6427,5.28899,3.1,-12345,-12345,106.379,13.9,15.527879,7.20205,0.02625,0.001875,-46.0,7.0,0.0,anginc_corr,ass_5_15,Apr,comment,50,ACl,4.0,10,27.621,0.0588052,1,5.97332525,38,5203.857,-1183843985.0,6.21501,1.11,40.01210652986432,98.03775653113333,6.277418854558495,2.4474317428072485,2.5649004810888747,1.0725220505321431,3.1
38200,20080911170903820.VIBR.4-10.fb1,VIBR,65.0662,-16.7326,2008-09-11 17:09:03.820,2008,255.714,65.0212,-16.6744,5.71985,2.3,-12345,-12345,100.554,14.7,15.464478,8.85176,0.04,0.0025,-16.0,6.25,0.0,anginc_corr,ass_5_15,Apr,comment,25,ACl,4.0,10,63.446,0.0588052,1,18.8674393,15,6418.453,-1221152985.0,7.53706,1.11,44.74014791142898,86.77580868494788,6.41125182364741,2.571942878109408,2.4927660245550296,1.5551504602797197,2.3150544759164955
38201,20081011172755320.VIBR.4-10.fb1,VIBR,65.0662,-16.7326,2008-10-11 17:27:55.320,2008,285.728,65.0687,-16.5024,10.8342,4.2,-12345,-12345,140.078,13.9,15.445276,6.9618,0.0725,0.000625,-85.0,1.75,0.0,anginc_corr,ass_5_15,Apr,comment,25,ACl,4.0,10,45.078,0.0588052,1,32.6334305,35,1408.993,-1223745985.0,7.70372,1.11,35.26888022450328,85.93734610244907,12.190214888767375,4.084709007860135,2.984353319981903,1.7747724701223433,4.243602920583338
38202,20080824005127780.VIBR.3-8.fb1,VIBR,65.0662,-16.7326,2008-08-24 00:51:27.780,2008,237.036,65.0149,-16.668,6.47859,2.3,-12345,-12345,150.669,14.3,15.460143,3.64832,0.02625,0.001875,-7.0,3.5,0.0,anginc_corr,ass_5_15,Apr,comment,50,ACl,3.0,8,22.331,0.0588052,1,16.6883373,28,558.2908,-1219538985.0,6.93222,1.11,44.42036636346404,83.11005189540955,7.188265165424405,2.837175146465745,2.5335993706200304,0.9251962569351236,2.3690417843255167
38203,20070712001514560.VIBR.2-6.fb1,VIBR,65.0662,-16.7326,2007-07-12 00:15:14.560,2007,193.011,65.0167,-16.6786,6.07787,2.4,-12345,-12345,70.054,14.7,15.383745,6.80846,0.075,0.0,-65.0,2.25,0.0,anginc_corr,ass_5_16,Apr,comment,50,ACl,2.0,6,44.946,0.0588052,1,105.103943,16,352.625,-1184198985.0,4.00152,1.11,44.124055491112166,86.31870274528413,6.801174622370447,2.6948775743637907,2.52374159296497,2.7825190906597186,2.419869701693555
38204,20080905022059980.VIBR.4-10.fb1,VIBR,65.0662,-16.7326,2008-09-05 02:20:59.980,2008,249.098,65.0669,-16.4897,11.431,4.6,-12345,-12345,18.781,14.3,15.326577,5.13053,0.0175,0.000625,-5.0,2.75,0.0,anginc_corr,ass_5_16,Apr,comment,25,ACl,4.0,10,23.781,0.0588052,1,54.7196159,36,460.2385,-1220580985.0,5.87859,1.11,34.443277228500314,87.55056893241348,12.890757207153449,4.246210525337374,3.035826210272332,0.4121304298394079,4.617983756980708
38205,20080911134824520.VIBR.4-10.fb1,VIBR,65.0662,-16.7326,2008-09-11 13:48:24.520,2008,255.575,65.0705,-16.5151,10.2417,3.2,-12345,-12345,157.464,14.3,15.52484,3.15632,0.26,0.001875,-2.0,3.75,0.0,anginc_corr,ass_5_15,Apr,comment,25,ACl,4.0,10,20.536,0.0588052,1,8.5610323,31,4211.23,-1221140985.0,6.35915,1.11,36.7059182509373,69.97735337912414,11.47959839252498,3.953229477893824,2.903853281656952,6.569804417042491,3.5695462658952
38206,20070721013656000.VIBR.3-8.fb1,VIBR,65.0662,-16.7326,2007-07-21 01:36:56.000,2007,202.067,65.0194,-16.6808,5.76365,2.3,-12345,-12345,88.01,13.9,15.444316,7.67803,0.03,0.001875,-34.0,7.5,0.0,anginc_corr,ass_5_15,Apr,comment,50,ACl,3.0,8,57.99,0.0588052,1,12.8234453,32,3064.523,-1184981985.0,6.93222,1.11,44.72744563760138,86.5557422876997,6.455059208529428,2.58705486241212,2.495138121079836,1.1595808022917709,2.3171890265038284
38207,20070706054951540.VIBR.2-3.fb1,VIBR,65.0662,-16.7326,2007-07-06 05:49:51.540,2007,187.243,65.1583,-16.8006,10.7518,1.0,-12345,-12345,6.91,14.5,15.675263,3.23799,0.095,0.005,-39.0,8.5,0.0,anginc_corr,ass_5_15,Apr,comment,50,ACl,2.0,3,45.91,0.0588052,1,13.534977,20,440.5027,-1183700985.0,2.60417,1.11,43.50935636392002,48.61161187949404,11.868783939583272,4.57533265807047,2.594081092365561,2.076128013382572,2.534835120814531
38208,20080920154257900.VIBR.1-8.fb1,VIBR,65.0662,-16.7326,2008-09-20 15:42:57.900,2008,264.655,65.0212,-16.668,5.869,2.3,-12345,-12345,86.432,14.7,15.48435,4.07508,0.04,0.001875,-26.0,3.0,0.0,anginc_corr,ass_5_16,Apr,comment,25,ACl,1.0,8,67.568,0.0588052,1,39.8317947,19,155417.0,-1221924985.0,7.03125,1.11,44.69279042621429,86.01642813262497,6.563445489710346,2.624370554550824,2.500959888583157,1.524086493463983,2.3230150371743576
38209,20080906082426700.VIBR.1-8.fb1,VIBR,65.0662,-16.7326,2008-09-06 08:24:26.700,2008,250.35,65.0721,-16.817,4.02615,2.4,-12345,-12345,101.148,14.099999,15.482879,3.63731,0.035,0.00125,-41.0,6.5,0.0,anginc_corr,ass_5_15,Apr,comment,25,ACl,1.0,8,37.852,0.0588052,1,15.1485767,38,3318.557,-1220688985.0,5.07061,1.11,43.33691208739716,100.35681088121788,4.786367330858597,1.9860370449004177,2.410009089784421,1.7621666731955088,2.4000000000000004
38210,20070729071715820.VIBR.4-10.fb1,VIBR,65.0662,-16.7326,2007-07-29 07:17:15.820,2007,210.304,65.0731,-16.7298,0.785014,2.2,-12345,-12345,3.394,13.9,15.364519,10.2233,0.02625,0.000937,59.0,5.25,0.0,anginc_corr,ass_5_15,Apr,comment,50,ACl,4.0,10,55.606,0.0588052,1,10.065917,45,11417.59,-1185692985.0,7.32292,1.11,17.010616085660747,155.758505010137,2.335128931653939,1.0307171807917603,2.2655379915760947,2.54635756593018,2.2
38211,20070807220354940.VIBR.4-10.fb1,VIBR,65.0662,-16.7326,2007-08-07 22:03:54.940,2007,219.919,65.0911,-16.4981,11.3742,3.5,-12345,-12345,124.119,14.7,15.294659,4.44937,0.02625,0.0,-28.0,3.0,0.0,anginc_corr,ass_5_16,Apr,comment,50,ACl,4.0,10,27.881,0.0588052,1,39.1149979,24,276.9695,-1186523985.0,8.09488,1.11,36.37553825927721,81.49461893396521,12.603756781928428,4.262883772717776,2.9566268877870385,0.6157744982942859,3.733727119468428
38212,20080929135508580.VIBR.4-10.fb1,VIBR,65.0662,-16.7326,2008-09-29 13:55:08.580,2008,273.58,65.0229,-16.6765,5.49645,2.9,-12345,-12345,117.505,13.9,15.464478,4.03214,0.05,0.0025,-10.0,9.75,0.0,anginc_corr,ass_5_15,Apr,comment,25,ACl,4.0,10,52.495,0.0588052,1,10.0320797,25,1303.474,-1222695985.0,7.53706,1.11,41.47958126661186,97.68639626528272,6.392224709712794,2.507695824002286,2.549043089089966,1.9936641099263848,2.9000000000000004
38213,20080904132655640.VIBR.1-8.fb1,VIBR,65.0662,-16.7326,2008-09-04 13:26:55.640,2008,248.56,65.0596,-16.7722,2.00536,1.8,-12345,-12345,90.562,13.9,15.830698,9.83071,0.145,0.0025,-41.0,4.0,0.0,anginc_corr,ass_5_16,Apr,comment,25,ACl,1.0,8,48.438,0.0588052,1,23.1542339,25,157568.9,-1220534985.0,3.34822,1.11,42.61657797118402,120.08286468922124,2.693561302413958,1.2300812618028054,2.189742569093589,11.74717222243018,1.7999999999999998
38214,20070802095106440.VIBR.1-8.fb1,VIBR,65.0662,-16.7326,2007-08-02 09:51:06.440,2007,214.41,65.0901,-16.8171,4.78601,4.5,-12345,-12345,108.689,14.099999,15.765014,4.96411,0.135,0.0075,40.0,8.5,0.0,anginc_corr,ass_5_15,Apr,comment,50,ACl,1.0,8,68.689,0.0588052,1,3.73073745,44,465829.2,-1186047985.0,3.74599,1.11,30.157380550863188,118.00489762800362,6.669710821692807,2.419975286212765,2.7561069981548574,5.574235919288384,4.5
38215,20081015061935220.VIBR.4-10.fb1,VIBR,65.0662,-16.7326,2008-10-15 06:19:35.220,2008,289.263,65.0757,-16.7957,3.15758,3.0,-12345,-12345,122.594,13.9,15.400582,7.08135,0.035,0.00125,-26.0,4.0,0.0,anginc_corr,ass_5_15,Apr,comment,25,ACl,4.0,10,31.406,0.0588052,1,18.3492699,38,1008.877,-1224051985.0,5.01052,1.11,34.82292871172546,120.54500352385486,4.39091325962581,1.7828186693737318,2.462905137272457,1.962994269860019,3.0
38216,20070706221336000.VIBR.4-10.fb1,VIBR,65.0662,-16.7326,2007-07-06 22:13:36.000,2007,187.926,65.0434,-16.8295,5.22105,2.5,-12345,-12345,53.959,14.3,15.494515,5.80291,0.1125,0.004687,4.0,8.0,0.0,anginc_corr,ass_5_15,Apr,comment,50,ACl,4.0,10,49.959,0.0588052,1,3.98942184,28,1119.133,-1183759985.0,4.57115,1.11,43.60683821619444,92.66123674133392,5.97337823352918,2.3992059173185654,2.489731369204537,4.686476807531648,2.5
38217,20081010012031380.VIBR.4-10.fb1,VIBR,65.0662,-16.7326,2008-10-10 01:20:31.380,2008,284.056,65.0651,-16.4875,11.5315,3.0,-12345,-12345,109.693,14.7,15.306202,4.3376,0.04,0.0,-33.0,3.5,0.0,anginc_corr,ass_5_15,Apr,comment,25,ACl,4.0,10,37.307,0.0588052,1,42.0798988,26,2921.938,-1223601985.0,7.90663,1.11,36.60809022119874,64.07683848615886,12.815611707255687,4.360095189201305,2.939296311465,0.9173918608752274,3.618088314485795
38218,20070718203936260.VIBR.4-10.fb1,VIBR,65.0662,-16.7326,2007-07-18 20:39:36.260,2007,199.861,65.0203,-16.6299,7.04356,2.7,-12345,-12345,83.847,14.7,15.450089,5.18461,0.02625,0.001875,-27.0,4.25,0.0,anginc_corr,ass_5_15,Apr,comment,50,ACl,4.0,10,69.153,0.0588052,1,16.3545361,20,1274.018,-1184790985.0,7.37562,1.11,42.728089834849534,87.38866756212572,7.840984206349002,3.017524285382358,2.598482552181167,0.8699019763810156,2.712865005663441
38219,20080902205422200.VIBR.1-8.fb1,VIBR,65.0662,-16.7326,2008-09-02 20:54:22.200,2008,246.871,65.082,-16.7915,3.28883,2.2,-12345,-12345,177.39,13.9,15.756421,6.93489,0.035,0.005,-29.0,6.5,0.0,anginc_corr,ass_5_15,Apr,comment,25,ACl,1.0,8,26.39,0.0588052,1,3.61610126,51,450697.3,-1220388985.0,3.89648,1.11,43.774148497196336,103.84543071117666,4.011454208723204,1.718248446533256,2.334618265953755,2.0367467973144926,2.2
38220,20080922231438000.VIBR.1-8.fb1,VIBR,65.0662,-16.7326,2008-09-22 23:14:38.000,2008,266.968,65.0624,-16.7255,0.539215,2.7,-12345,-12345,12.068,13.9,15.592475,4.63403,0.24,0.00375,71.0,7.75,0.0,anginc_corr,ass_5_16,Apr,comment,25,ACl,1.0,8,58.932,0.0588052,1,2.93049622,48,784994.1,-1222124985.0,5.36932,1.11,9.410081196586583,166.07126890287807,2.75397204434192,1.167327089296203,2.3592119720294726,20.34699619774738,2.7
38221,20070807220310240.VIBR.4-10.fb1,VIBR,65.0662,-16.7326,2007-08-07 22:03:10.240,2007,219.919,65.0929,-16.5002,11.3281,3.2,-12345,-12345,117.905,14.099999,15.306489,11.2736,0.02625,0.001875,-34.0,4.25,0.0,anginc_corr,ass_5_15,Apr,comment,50,ACl,4.0,10,28.095,0.0588052,1,16.950695,39,424.5682,-1186523985.0,8.59375,1.11,36.57121054589293,69.4868556653313,12.575033473567908,4.273933077331948,2.942262605903511,0.6141825801705636,3.636403925271077
38222,20080923143504620.VIBR.3-8.fb1,VIBR,65.0662,-16.7326,2008-09-23 14:35:04.620,2008,267.608,65.014,-16.668,6.56714,2.7,-12345,-12345,87.653,13.9,15.444316,22.7465,0.0375,0.003125,-26.0,5.0,0.0,anginc_corr,ass_5_15,Apr,comment,25,ACl,3.0,8,66.347,0.0588052,1,28.6854496,26,147289.4,-1222179985.0,6.93222,1.11,42.78064718444157,89.4457735627571,7.367004861688425,2.858510928069274,2.577217665795081,1.3118154045116626,2.7006385422257404
38223,20070716001004860.VIBR.0.8-6.fb1,VIBR,65.0662,-16.7326,2007-07-16 00:10:04.860,2007,197.007,65.0749,-16.7532,1.37419,1.9,-12345,-12345,34.326,13.9,15.683619,8.99629,0.1275,0.0075,3.0,9.5,0.0,anginc_corr,ass_5_16,Apr,comment,50,ACl,0.8,6,31.326,0.0588052,1,4.00995922,31,256760.5,-1184544985.0,3.70066,1.11,31.906032836959103,135.51637319009683,2.343257833243531,1.062595542831086,2.20522083783672,11.956040807416455,1.9
38224,20070725015853740.VIBR.3-8.fb1,VIBR,65.0662,-16.7326,2007-07-25 01:58:53.740,2007,206.082,65.0319,-16.6893,4.33154,4.0,-12345,-12345,37.632,14.3,15.648639,3.00113,0.1875,0.006563,-17.0,7.75,0.0,anginc_corr,ass_5_15,Apr,comment,50,ACl,3.0,8,54.632,0.0588052,1,5.57652283,29,244.7657,-1185328985.0,3.81836,1.11,31.61117840226603,116.49022386693012,5.990028843886647,2.239878742073059,2.674264785576177,8.356375414415496,4.0
38225,20070723075606720.VIBR.3-8.fb1,VIBR,65.0662,-16.7326,2007-07-23 07:56:06.720,2007,204.331,65.0149,-16.6701,6.43242,2.5,-12345,-12345,68.819,14.3,15.476963,6.43018,0.02625,0.000937,-44.0,2.75,0.0,anginc_corr,ass_5_15,Apr,comment,50,ACl,3.0,8,67.181,0.0588052,1,23.9033279,34,1090.9,-1185176985.0,6.15234,1.11,43.59304643436724,87.04357355555581,7.184001774511241,2.8147933225201287,2.552230644088388,0.9325526346572132,2.516185655912566
38226,20081102090734660.VIBR.3-8.fb1,VIBR,65.0662,-16.7326,2008-11-02 09:07:34.660,2008,307.38,65.0167,-16.6659,6.35118,2.4,-12345,-12345,88.371,13.9,15.448009,10.9778,0.0275,0.003125,-34.0,8.75,0.0,anginc_corr,ass_5_15,Apr,comment,25,ACl,3.0,8,57.629,0.0588052,1,23.5339565,27,10036.42,-1225616985.0,6.72554,1.11,44.02263416726187,84.94705068862565,7.079061163446387,2.789129020493184,2.538090246608471,0.985946920530978,2.4374471309122088
38227,20070801011036320.VIBR.4-10.fb1,VIBR,65.0662,-16.7326,2007-08-01 01:10:36.320,2007,213.049,65.0149,-16.6701,6.43242,2.8,-12345,-12345,29.332,13.9,15.406922,11.7113,0.02625,0.001875,50.0,3.0,0.0,anginc_corr,ass_5_15,Apr,comment,50,ACl,4.0,10,20.668,0.0588052,1,19.0372009,28,129178.6,-1185930985.0,7.83632,1.11,42.34437897184363,91.25969057549092,7.2615323443277555,2.813541351234077,2.580922559088281,0.9329675844213624,2.8
38228,20081011014331740.VIBR.2-6.fb1,VIBR,65.0662,-16.7326,2008-10-11 01:43:31.740,2008,285.072,65.013,-16.7762,6.27687,2.2,-12345,-12345,80.618,13.9,15.379127,6.1856,0.155,0.00875,15.0,9.25,0.0,anginc_corr,ass_5_15,Apr,comment,25,ACl,2.0,6,65.618,0.0588052,1,6.43373632,20,8691.908,-1223688985.0,4.09226,1.11,44.970707426955975,82.70045607385093,6.961610062135307,2.771452087996899,2.5118998420668697,5.5883695377119125,2.276731869878862
38229,20080905021451620.VIBR.1-8.fb1,VIBR,65.0662,-16.7326,2008-09-05 02:14:51.620,2008,249.094,65.0651,-16.4833,11.7314,4.8,-12345,-12345,10.817,13.9,15.525306,14.6982,0.02,0.00125,-58.0,3.0,0.0,anginc_corr,ass_5_15,Apr,comment,25,ACl,1.0,8,68.817,0.0588052,1,35.0104332,56,2151200.0,-1220580985.0,6.33413,1.11,34.062376552588205,88.0995911550672,13.24684421235238,4.328324334318878,3.060501752911489,0.4620701153783102,4.8109240236228095
38230,20080929103720120.VIBR.4-10.fb1,VIBR,65.0662,-16.7326,2008-09-29 10:37:20.120,2008,273.442,65.0748,-16.8063,3.60345,2.5,-12345,-12345,115.87,14.5,15.297127,11.75,0.045,0.00125,-37.0,1.75,0.0,anginc_corr,ass_5_15,Apr,comment,25,ACl,4.0,10,27.13,0.0588052,1,193.304733,33,1005.092,-1222684985.0,5.66406,1.11,41.39768777796758,106.71372031069689,4.449879962754126,1.8511779385740743,2.403809957989117,2.430525622403934,2.5
38231,20070716110820640.VIBR.1-8.fb1,VIBR,65.0662,-16.7326,2007-07-16 11:08:20.640,2007,197.464,65.0749,-16.7553,1.44649,1.8,-12345,-12345,26.437,13.9,15.529509,5.00128,0.13125,0.005625,-3.0,6.75,0.0,anginc_corr,ass_5_15,Apr,comment,50,ACl,1.0,8,29.437,0.0588052,1,4.39466333,42,78661.75,-1184583985.0,3.94436,1.11,34.83771816433665,133.10964831228938,2.3060407756300982,1.0554917547882636,2.1848022641282503,12.387260304689818,1.7999999999999998
38232,20070721040058320.VIBR.4-10.fb1,VIBR,65.0662,-16.7326,2007-07-21 04:00:58.320,2007,202.167,65.1413,-16.7685,8.53885,3.7,-12345,-12345,22.416,13.9,15.431039,8.03161,0.02625,0.001875,-47.0,3.0,0.0,anginc_corr,ass_5_16,Apr,comment,50,ACl,4.0,10,69.416,0.0588052,1,13.5102777,42,409.9995,-1184989985.0,5.87859,1.11,36.43248605366658,88.93518651646845,9.780445591309146,3.426274940277549,2.85454196227372,0.7661269241737045,3.705377168946267
38233,20080905015756700.VIBR.4-10.fb1,VIBR,65.0662,-16.7326,2008-09-05 01:57:56.700,2008,249.082,65.066,-16.4833,11.7308,4.5,-12345,-12345,20.027,13.9,15.438254,6.87955,0.0125,0.001875,-25.0,9.25,0.0,anginc_corr,ass_5_15,Apr,comment,25,ACl,4.0,10,45.027,0.0588052,1,36.6092262,41,3719.503,-1220579985.0,6.33413,1.11,34.58668977031101,86.05180785809031,13.170826459551003,4.332352763309768,3.040109423012208,0.2885262273935041,4.546576839641282
