# lon	lat	azimuth	mean_resultant_vector	p_rayleigh	num_measurements
-16.9937	65.0391	339.84	0.47	0.968	12
-16.9951	65.0570	352.77	0.42	0.991	16
-16.9964	65.0749	346.27	0.46	0.998	21
-16.9977	65.0929	352.77	0.42	0.976	16
-16.9991	65.1108	1.42	0.25	0.989	39
-17.0004	65.1287	296.61	0.20	0.980	33
-17.0018	65.1467	7.71	0.97	-0.345	15
-17.0031	65.1646	296.50	0.88	0.151	7
-17.0045	65.1826	297.68	0.90	1.041	33
-17.0059	65.2005	71.67	0.65	-0.115	6
-16.9434	64.9320	65.78	0.58	0.000	2247
-16.9447	64.9500	71.17	0.57	0.000	384
-16.9460	64.9679	65.20	0.41	0.507	57
-16.9473	64.9858	334.69	0.62	0.029	33
-16.9486	65.0038	283.23	0.65	0.000	19998
-16.9500	65.0217	280.59	0.46	0.000	1479
-16.9513	65.0396	69.33	0.54	0.000	1068
-16.9526	65.0576	341.88	0.22	0.602	159
-16.9539	65.0755	57.54	0.33	0.000	758
-16.9552	65.0934	313.20	0.06	0.938	293
-16.9565	65.1114	297.72	0.12	0.941	302
-16.9578	65.1293	294.71	0.14	0.964	341
-16.9592	65.1472	75.50	0.23	0.915	385
-16.9605	65.1652	84.76	0.41	0.849	348
-16.9618	65.1831	278.69	0.30	0.980	162
-16.9631	65.2010	46.04	0.47	0.482	5
-16.9012	64.9326	35.61	0.50	0.000	109
-16.9024	64.9505	66.72	0.60	0.000	3336
-16.9037	64.9684	292.19	0.33	0.788	83
-16.9050	64.9864	276.37	0.66	0.000	2418
-16.9063	65.0043	283.86	0.67	0.000	17548
-16.9075	65.0222	272.92	0.49	0.000	2153
-16.9088	65.0402	79.65	0.49	0.000	2485
-16.9101	65.0581	73.01	0.17	0.087	1438
-16.9114	65.0761	57.22	0.34	0.000	4467
-16.9127	65.0940	77.04	0.48	0.000	945
-16.9140	65.1119	79.74	0.47	0.000	644
-16.9153	65.1299	77.20	0.44	0.000	3945
-16.9165	65.1478	88.64	0.39	0.800	349
-16.9178	65.1657	277.52	0.40	0.813	382
-16.9191	65.1837	69.76	0.71	0.918	81
-16.9204	65.2016	42.26	0.56	-0.029	6
-16.8589	64.9331	70.65	0.53	0.000	753
-16.8601	64.9510	70.59	0.53	0.000	4842
-16.8614	64.9690	73.50	0.31	0.000	2451
-16.8626	64.9869	276.32	0.70	0.000	15798
-16.8639	65.0048	283.94	0.53	0.000	18720
-16.8651	65.0228	289.17	0.19	0.025	2564
-16.8664	65.0407	280.48	0.31	0.000	3192
-16.8676	65.0587	70.39	0.32	0.000	4058
-16.8689	65.0766	59.04	0.35	0.000	4511
-16.8701	65.0945	68.02	0.39	0.000	3252
-16.8714	65.1125	67.86	0.47	0.000	4174
-16.8727	65.1304	82.53	0.45	0.000	3959
-16.8739	65.1483	6.82	0.22	0.637	337
-16.8752	65.1663	84.38	0.63	0.221	261
-16.8765	65.1842	81.91	0.34	0.989	89
-16.8777	65.2021	31.00	1.00	-13.367	1
-16.8154	64.9157	53.15	0.67	0.000	155
-16.8166	64.9336	53.36	0.66	0.000	1590
-16.8178	64.9516	70.09	0.57	0.000	6178
-16.8190	64.9695	69.89	0.61	0.000	5780
-16.8202	64.9874	30.46	0.48	0.000	11822
-16.8215	65.0054	56.62	0.59	0.000	30879
-16.8227	65.0233	316.29	0.19	0.000	4015
-16.8239	65.0412	278.00	0.32	0.000	3025
-16.8251	65.0592	71.01	0.16	0.036	4298
-16.8264	65.0771	37.76	0.15	0.000	7734
-16.8276	65.0951	68.36	0.45	0.000	6500
-16.8288	65.1130	82.73	0.43	0.000	7887
-16.8301	65.1309	67.04	0.30	0.000	4414
-16.8313	65.1489	281.57	0.40	0.000	4596
-16.8325	65.1668	68.22	0.71	0.000	657
-16.8338	65.1847	89.26	0.62	0.967	22
-16.7731	64.9162	68.58	0.52	0.000	15661
-16.7743	64.9341	68.90	0.54	0.000	25322
-16.7755	64.9521	65.00	0.52	0.000	6277
-16.7767	64.9700	68.13	0.57	0.000	7811
-16.7779	64.9879	49.91	0.37	0.000	8216
-16.7791	65.0059	56.37	0.60	0.000	53612
-16.7803	65.0238	281.21	0.17	0.000	8311
-16.7814	65.0418	44.45	0.23	0.000	3494
-16.7826	65.0597	271.25	0.06	0.097	5404
-16.7838	65.0776	31.80	0.15	0.000	11557
-16.7850	65.0956	57.98	0.49	0.000	8758
-16.7863	65.1135	78.41	0.51	0.000	10360
-16.7875	65.1314	80.38	0.55	0.000	8199
-16.7887	65.1494	82.44	0.45	0.000	3690
-16.7899	65.1673	77.86	0.84	0.000	218
-16.7911	65.1852	284.00	1.00	-0.027	8
-16.7309	64.9167	71.41	0.46	0.000	274
-16.7320	64.9346	71.31	0.35	0.000	3767
-16.7332	64.9526	69.36	0.56	0.000	21927
-16.7343	64.9705	68.25	0.60	0.000	23226
-16.7355	64.9884	63.95	0.56	0.000	15590
-16.7367	65.0064	60.20	0.58	0.000	49343
-16.7378	65.0243	272.73	0.31	0.000	20786
-16.7390	65.0423	288.35	0.04	0.676	7954
-16.7402	65.0602	298.14	0.56	0.000	12618
-16.7413	65.0781	59.07	0.26	0.000	18132
-16.7425	65.0961	68.95	0.39	0.000	11188
-16.7437	65.1140	72.38	0.44	0.000	6499
-16.7449	65.1319	74.99	0.29	0.000	4393
-16.7460	65.1499	52.53	0.31	0.006	1527
-16.7472	65.1678	86.82	0.67	0.070	206
-16.7484	65.1858	284.00	1.00	0.464	8
-16.6886	64.9172	288.00	1.00	0.500	1
-16.6897	64.9351	43.21	0.71	0.000	14535
-16.6909	64.9531	44.53	0.74	0.000	20733
-16.6920	64.9710	44.89	0.70	0.000	22650
-16.6931	64.9889	51.80	0.58	0.000	32089
-16.6943	65.0069	56.43	0.50	0.000	61270
-16.6954	65.0248	53.23	0.17	0.000	71184
-16.6965	65.0427	355.53	0.02	0.000	24322
-16.6977	65.0607	63.52	0.37	0.000	17221
-16.6988	65.0786	73.33	0.55	0.000	13331
-16.7000	65.0966	76.67	0.35	0.000	7022
-16.7011	65.1145	75.25	0.36	0.000	5647
-16.7023	65.1324	72.64	0.44	0.000	4502
-16.7034	65.1504	67.11	0.27	0.000	3592
-16.7046	65.1683	81.47	0.36	0.525	241
-16.7057	65.1862	279.81	0.82	1.050	20
-16.6474	64.9356	38.46	0.56	0.000	1431
-16.6485	64.9535	37.58	0.58	0.000	6662
-16.6496	64.9715	37.65	0.57	0.000	7496
-16.6507	64.9894	40.09	0.55	0.000	29089
-16.6518	65.0073	39.58	0.70	0.000	40940
-16.6530	65.0253	59.43	0.33	0.000	101029
-16.6541	65.0432	276.98	0.49	0.000	83085
-16.6552	65.0612	87.19	0.46	0.000	43017
-16.6563	65.0791	81.17	0.27	0.000	15623
-16.6574	65.0970	283.93	0.30	0.000	11419
-16.6585	65.1150	287.91	0.40	0.000	11025
-16.6596	65.1329	294.66	0.46	0.000	11121
-16.6608	65.1508	286.62	0.35	0.000	11484
-16.6619	65.1688	306.39	0.21	0.350	471
-16.6630	65.1867	304.11	0.61	0.880	31
-16.6051	64.9360	279.54	0.73	0.978	7
-16.6062	64.9540	39.49	0.59	0.000	543
-16.6073	64.9719	45.68	0.54	0.000	2627
-16.6084	64.9899	36.59	0.48	0.000	6509
-16.6094	65.0078	36.87	0.43	0.000	31785
-16.6105	65.0257	57.69	0.52	0.000	47299
-16.6116	65.0437	50.32	0.75	0.000	45177
-16.6127	65.0616	270.80	0.52	0.000	52488
-16.6138	65.0796	49.93	0.53	0.000	57341
-16.6149	65.0975	50.08	0.55	0.000	33968
-16.6160	65.1154	72.92	0.41	0.000	6938
-16.6170	65.1334	86.14	0.19	0.000	2521
-16.6181	65.1513	76.88	0.50	0.000	1752
-16.6192	65.1692	61.01	0.54	0.000	967
-16.6203	65.1872	86.61	0.31	0.952	37
-16.6214	65.2051	68.21	0.81	-1.047	2
-16.5639	64.9544	22.18	0.54	0.371	278
-16.5649	64.9724	36.67	0.40	0.047	824
-16.5660	64.9903	34.40	0.58	0.000	8812
-16.5670	65.0083	34.44	0.56	0.000	18084
-16.5681	65.0262	33.92	0.65	0.000	30212
-16.5691	65.0441	63.68	0.76	0.000	74632
-16.5702	65.0621	68.68	0.48	0.000	44830
-16.5713	65.0800	61.95	0.72	0.000	32310
-16.5723	65.0979	55.83	0.68	0.000	54243
-16.5734	65.1159	54.74	0.63	0.000	61928
-16.5744	65.1338	40.23	0.22	0.000	7710
-16.5755	65.1518	70.52	0.60	0.000	1715
-16.5766	65.1697	67.40	0.64	0.000	1736
-16.5776	65.1876	277.98	0.46	0.291	76
-16.5216	64.9549	40.55	0.68	1.026	19
-16.5226	64.9728	29.44	0.86	0.002	67
-16.5236	64.9908	36.09	0.56	0.000	7679
-16.5246	65.0087	40.32	0.55	0.000	8870
-16.5256	65.0266	45.88	0.47	0.000	13287
-16.5267	65.0446	68.82	0.76	0.000	43346
-16.5277	65.0625	73.50	0.60	0.000	28034
-16.5287	65.0805	61.28	0.67	0.000	26650
-16.5298	65.0984	67.55	0.61	0.000	17924
-16.5308	65.1163	73.91	0.68	0.000	17957
-16.5318	65.1343	75.29	0.45	0.000	24049
-16.5329	65.1522	82.29	0.17	0.000	22670
-16.5339	65.1701	62.96	0.16	0.000	9431
-16.5349	65.1881	64.29	0.51	0.000	317
-16.5360	65.2060	283.00	1.00	0.952	2
-16.4802	64.9732	55.00	1.00	-8.925	1
-16.4812	64.9912	29.90	0.88	0.205	34
-16.4822	65.0091	32.65	0.41	0.039	547
-16.4832	65.0271	67.71	0.48	0.001	1859
-16.4842	65.0450	69.74	0.78	0.000	4374
-16.4852	65.0629	74.29	0.67	0.000	6675
-16.4862	65.0809	52.62	0.40	0.000	10972
-16.4872	65.0988	83.00	0.34	0.000	6806
-16.4882	65.1168	89.13	0.71	0.000	7579
-16.4892	65.1347	88.78	0.79	0.000	9547
-16.4902	65.1526	86.50	0.80	0.000	16078
-16.4912	65.1706	85.82	0.48	0.000	30709
-16.4922	65.1885	84.49	0.47	0.000	9912
