,1event,stat,slat,slon,5cuspid,year,doy_det,evla,evlo,10dist(ev-stat),depthkm,mag,baz,spol,wbeg,wend,20SNR,tlag,Dtlag,fast,Dfast,25anginc,anginc_corr,type_ini,timestamp,comment,30nyquist,gradeABCNR,filt_lo,filt_HI,spol-fast,35bandang,pickgrade,lambdamax,ndf,lambda2_min,40ttime,maxfreq,Elev,anginc_epi,takeoff_ang_epi,path_length_source_to_station_km,traveltime_source_to_station_s,v_avg_source_to_station_kms,SWA_source_to_station,max_ray_depth_km
32266,20080818004002260.VIKR.4-10.fb1,VIKR,65.0747,-16.5135,2008-08-18 00:40:02.260,2008,231.028,65.0212,-16.668,9.4168,2.0,-12345,-12345,32.443,14.7,15.428276,10.1795,0.08625,0.000937,7.0,4.0,0.0,anginc_corr,ass_5_15,Apr,comment,50,ACl,4.0,10,25.443,0.0588052,1,19.412611,28,3348.333,-1219019985.0,6.94444,0.718,43.43133930144276,70.78764844159053,10.213659230839708,3.869795163012739,2.6393281299385625,2.228523416538053,2.552243720640666
32267,20080719035958800.VIKR.4-10.fb1,VIKR,65.0747,-16.5135,2008-07-19 03:59:58.800,2008,201.167,65.0167,-16.6595,9.44663,2.7,-12345,-12345,157.415,13.9,15.303023,8.65574,0.09375,0.001875,40.0,5.5,0.0,anginc_corr,ass_5_15,Apr,comment,50,ACl,4.0,10,62.585,0.0588052,1,9.66708469,26,3769.808,-1216439985.0,6.8662,0.718,36.83430800333176,61.9609796205119,10.778865091411106,3.7856297610437424,2.8473109553215386,2.47609080457778,3.505933284336643
32268,20070813190052900.VIKR.1-8.fb1,VIKR,65.0747,-16.5135,2007-08-13 19:00:52.900,2007,225.792,65.0158,-16.6659,9.73455,2.1,-12345,-12345,162.13,13.9,15.382161,10.773,0.09375,0.001875,39.0,3.75,0.0,anginc_corr,ass_5_15,Apr,comment,50,ACl,1.0,8,56.87,0.0588052,1,10.716486,55,256607.2,-1187031985.0,6.8662,0.718,43.07484866915016,71.49435169119153,10.549885633895729,3.967146575641074,2.6593132955242296,2.362829634377306,2.6328975053859534
32269,20070729153608060.VIKR.1-8.fb1,VIKR,65.0747,-16.5135,2007-07-29 15:36:08.060,2007,210.65,65.0149,-16.6701,9.94978,2.4,-12345,-12345,82.657,13.9,15.46923,5.56639,0.1125,0.006563,17.0,6.25,0.0,anginc_corr,ass_5_15,Apr,comment,50,ACl,1.0,8,65.657,0.0588052,1,4.39135742,40,517948.1,-1185722985.0,4.62472,0.718,36.83531687606572,59.24179959013696,11.358323822236802,3.9855098316385686,2.849904855853043,2.8221633943061875,3.505433842455425
32270,20070822003722880.VIKR.0.2-3.fb1,VIKR,65.0747,-16.5135,2007-08-22 00:37:22.880,2007,234.026,65.0212,-16.6829,9.96775,1.9,-12345,-12345,88.291,13.9,15.502164,6.9507,0.04,0.0075,28.0,7.75,0.0,anginc_corr,ass_5_15,Apr,comment,50,ACl,0.2,3,60.291,0.0588052,1,5.89565325,41,2085887.0,-1187742985.0,2.67857,0.718,43.26161932984232,65.3112002884085,10.799087928588555,4.071535946321972,2.652337611889176,0.9824065267935111,2.5904849171310502
32271,20070802095106440.VIKR.2-6.fb1,VIKR,65.0747,-16.5135,2007-08-02 09:51:06.440,2007,214.41,65.0901,-16.8171,14.3819,4.5,-12345,-12345,19.749,13.9,15.566198,4.58843,0.37875,0.004687,71.0,8.0,0.0,anginc_corr,ass_5_15,Apr,comment,50,ACl,2.0,6,51.251,0.0588052,1,2.5375917,40,60721.29,-1186047985.0,5.62764,0.718,34.11245829963712,80.27069243179095,15.890809642603,5.073769368259753,3.1319534825551942,7.454493869257206,4.785340155761568
32272,20080711021821000.VIKR.1-8.fb1,VIKR,65.0747,-16.5135,2008-07-11 02:18:21.000,2008,193.096,65.0292,-16.6893,9.71012,2.0,-12345,-12345,61.727,14.7,15.444942,4.61563,0.0825,0.000937,16.0,3.5,0.0,anginc_corr,ass_5_15,Apr,comment,50,ACl,1.0,8,45.727,0.0588052,1,22.2357388,30,6340.831,-1215742985.0,3.95275,0.718,43.26619240658869,70.29250424879119,10.526489993416392,3.971405754291268,2.6505702626940315,2.077125998842177,2.5894507835509124
32273,20080708091746940.VIKR.2-6.fb1,VIKR,65.0747,-16.5135,2008-07-08 09:17:46.940,2008,190.387,65.0301,-16.6681,8.8162,4.7,-12345,-12345,161.273,14.7,15.596719,4.89626,0.2,0.0025,16.0,2.75,0.0,anginc_corr,ass_5_15,Apr,comment,50,ACl,2.0,6,34.727,0.0588052,1,30.8003216,33,766.3027,-1215508985.0,2.80172,0.718,34.01975136574328,96.62609972695935,10.34871379955452,3.517279462305408,2.9422495171229404,5.681624047295486,4.7
32274,20080707153431940.VIKR.1-8.fb1,VIKR,65.0747,-16.5135,2008-07-07 15:34:31.940,2008,189.649,65.0212,-16.668,9.4168,2.0,-12345,-12345,70.358,13.9,15.602957,3.59185,0.30375,0.001875,-63.0,4.75,0.0,anginc_corr,ass_5_15,Apr,comment,50,ACl,1.0,8,46.642,0.0588052,1,3.01038575,55,70262.95,-1215444985.0,5.27344,0.718,43.43133930144276,70.78764844159053,10.213659230839708,3.869795163012739,2.6393281299385625,7.83719980474622,2.552243720640666
32275,20080806211956720.VIKR.1-8.fb1,VIKR,65.0747,-16.5135,2008-08-06 21:19:56.720,2008,219.889,65.049,-16.5556,3.49012,3.8,-12345,-12345,92.655,14.3,15.483276,3.03407,0.11625,0.002812,27.0,4.5,0.0,anginc_corr,ass_5_16,Apr,comment,50,ACl,1.0,8,65.655,0.0588052,1,6.5962472,45,10611.76,-1218057985.0,7.09546,0.718,29.801316112557632,122.78661809164028,5.210286639234275,1.995083863089455,2.6115627195570466,5.821885320113296,3.8
32276,20080712131058160.VIKR.4-10.fb1,VIKR,65.0747,-16.5135,2008-07-12 13:10:58.160,2008,194.549,65.0149,-16.6723,10.0242,2.8,-12345,-12345,66.902,14.3,15.338021,5.681,0.09,0.02625,-2.0,9.0,0.0,anginc_corr,ass_5_16,Apr,comment,50,ACl,4.0,10,68.902,0.0588052,1,9.66106224,31,1617.58,-1215867985.0,7.17905,0.718,36.79816262610232,62.75452719595447,11.336133056880024,3.942373788187203,2.875458712425299,2.282591195914563,3.5238313775740107
32277,20080805164634260.VIKR.4-10.fb1,VIKR,65.0747,-16.5135,2008-08-05 16:46:34.260,2008,218.699,65.0534,-16.5131,2.37556,4.3,-12345,-12345,91.732,13.9,15.465728,17.6248,0.02625,0.000937,-62.0,2.0,0.0,anginc_corr,ass_5_15,Apr,comment,50,ACl,4.0,10,26.268,0.0588052,1,18.8165703,45,12773.78,-1217954985.0,7.29167,0.718,20.53205573943645,142.45440013843444,4.933202736821699,1.8585432971947924,2.654338343512185,1.4123260427027162,4.3
32278,20070816222303460.VIKR.4-10.fb1,VIKR,65.0747,-16.5135,2007-08-16 22:23:03.460,2007,228.933,65.057,-16.6872,8.41329,1.7,-12345,-12345,28.852,14.3,15.39034,3.19254,0.08625,0.002812,5.0,5.5,0.0,anginc_corr,ass_5_15,Apr,comment,50,ACl,4.0,10,23.852,0.0588052,1,7.65586901,33,1334.127,-1187302985.0,7.51827,0.718,44.678197392163135,59.87911910371589,9.18139670907276,3.574575578504658,2.568527789504338,2.4125227780800174,2.325469367501513
32279,20080709193154640.VIKR.1-8.fb1,VIKR,65.0747,-16.5135,2008-07-09 19:31:54.640,2008,191.814,65.022,-16.6723,9.51016,1.9,-12345,-12345,126.138,14.099999,15.455665,4.8163,0.11625,0.00375,69.0,7.5,0.0,anginc_corr,ass_5_15,Apr,comment,50,ACl,1.0,8,57.138,0.0588052,1,3.05919814,45,33068.76,-1215631985.0,6.33413,0.718,43.50843848633453,65.8868515545894,10.32759381634288,3.9181775623396486,2.635815669919767,2.966287934938805,2.535039803854493
32280,20070808083233280.VIKR.4-10.fb1,VIKR,65.0747,-16.5135,2007-08-08 08:32:33.280,2007,220.356,65.0328,-16.7063,10.2113,1.5,-12345,-12345,49.935,14.099999,15.304008,3.48019,0.08625,0.002812,14.0,8.75,0.0,anginc_corr,ass_5_15,Apr,comment,50,ACl,4.0,10,35.935,0.0588052,1,7.47149515,27,880.8259,-1186561985.0,7.51827,0.718,43.48738157627208,51.33596512886978,11.136702939768774,4.2422586474336255,2.6251824476817265,2.0329050165713625,2.539736265454499
32281,20070722005710140.VIKR.1-8.fb1,VIKR,65.0747,-16.5135,2007-07-22 00:57:10.140,2007,203.04,65.0319,-16.6957,9.81779,2.0,-12345,-12345,134.306,13.9,15.531936,4.07565,0.12375,0.00375,14.0,8.0,0.0,anginc_corr,ass_5_15,Apr,comment,50,ACl,1.0,8,59.694,0.0588052,1,3.4014895,41,65749.12,-1185065985.0,6.03027,0.718,43.20000005222847,70.09699998641064,10.63957265276654,4.007925716728247,2.654633195510381,3.086896529939054,2.6044267765967346
32282,20080826124425700.VIKR.2-6.fb1,VIKR,65.0747,-16.5135,2008-08-26 12:44:25.700,2008,239.531,65.0256,-16.6744,9.34924,2.2,-12345,-12345,1.567,14.099999,15.506578,4.74351,0.06,0.004687,28.0,6.0,0.0,anginc_corr,ass_5_15,Apr,comment,50,ACl,2.0,6,26.433,0.0588052,1,7.21282768,37,38761.75,-1219754985.0,4.09226,0.718,43.112425874711136,73.57207802711848,10.149854855214915,3.826865604321592,2.652263210851438,1.5677664011775505,2.6242907185009354
32283,20070705120534220.VIKR.1-8.fb1,VIKR,65.0747,-16.5135,2007-07-05 12:05:34.220,2007,186.504,65.0212,-16.6829,9.96775,2.0,-12345,-12345,94.729,13.9,15.422717,5.59774,0.05625,0.002812,31.0,4.75,0.0,anginc_corr,ass_5_15,Apr,comment,50,ACl,1.0,8,63.729,0.0588052,1,9.75104904,37,51637.51,-1183636985.0,4.97855,0.718,43.108458841171085,69.82927913392074,10.79380691337452,4.057421310855174,2.660262784270617,1.38628190643999,2.6251990894573627
32284,20070707180845540.VIKR.1-8.fb1,VIKR,65.0747,-16.5135,2007-07-07 18:08:45.540,2007,188.756,65.0131,-16.6744,10.2323,2.1,-12345,-12345,84.119,14.7,15.371186,3.55646,0.18,0.002812,49.0,5.5,0.0,anginc_corr,ass_5_15,Apr,comment,50,ACl,1.0,8,35.119,0.0588052,1,7.00435925,23,487401.8,-1183831985.0,6.27297,0.718,36.84035174505459,56.36029003482558,11.728276245390523,4.126677516640233,2.84206270010146,4.359789790284196,3.502941431858509
32285,20080808084100580.VIKR.0.2-3.fb1,VIKR,65.0747,-16.5135,2008-08-08 08:41:00.580,2008,221.362,65.031,-16.6914,9.69345,1.9,-12345,-12345,133.657,13.9,15.388864,3.53842,0.17625,0.0075,21.0,5.5,0.0,anginc_corr,ass_5_15,Apr,comment,50,ACl,0.2,3,67.343,0.0588052,1,6.74501991,44,251546.6,-1218184985.0,3.95275,0.718,43.41565846138332,65.66923847923042,10.513275274410129,3.978985102214629,2.642200210440253,4.427350860805035,2.5557454289490487
32286,20080810025655760.VIKR.4-10.fb1,VIKR,65.0747,-16.5135,2008-08-10 02:56:55.760,2008,223.123,65.0319,-16.6914,9.64354,2.0,-12345,-12345,93.336,13.9,15.451626,7.04957,0.09,0.001875,-21.0,5.5,0.0,anginc_corr,ass_5_16,Apr,comment,50,ACl,4.0,10,65.664,0.0588052,1,8.97174931,35,2654.512,-1218336985.0,7.90895,0.718,43.30676349460382,70.41315383218293,10.45433354564705,3.948034221267896,2.647984530967333,2.2793194166595754,2.580279635467381
32287,20070717031700720.VIKR.4-10.fb1,VIKR,65.0747,-16.5135,2007-07-17 03:17:00.720,2007,198.137,65.022,-16.6871,10.0698,1.9,-12345,-12345,147.267,14.099999,15.491587,4.94819,0.09375,0.000937,90.0,6.75,0.0,anginc_corr,ass_5_15,Apr,comment,50,ACl,4.0,10,57.267,0.0588052,1,9.73955345,43,734.4358,-1184641985.0,6.94444,0.718,43.19452913861474,65.15649361112489,10.911332776666006,4.107685603930485,2.656321303223736,2.2820099636973623,2.605665296147065
32288,20080804182209820.VIKR.1-8.fb1,VIKR,65.0747,-16.5135,2008-08-04 18:22:09.820,2008,217.765,65.022,-16.6787,9.74783,1.8,-12345,-12345,77.779,13.9,15.416309,8.52071,0.08625,0.001875,20.0,5.25,0.0,anginc_corr,ass_5_15,Apr,comment,50,ACl,1.0,8,57.779,0.0588052,1,9.4793539,49,133799.8,-1217873985.0,7.71361,0.718,43.48956545801587,61.58568669898961,10.591463674711752,4.016885327959772,2.636735383255587,2.1469385869423263,2.5392491037798344
32289,20080816093913660.VIKR.3-8.fb1,VIKR,65.0747,-16.5135,2008-08-16 09:39:13.660,2008,229.402,65.0158,-16.6638,9.66104,2.3,-12345,-12345,64.946,14.5,15.416396,6.63361,0.18,0.001875,0.0,3.75,0.0,anginc_corr,ass_5_15,Apr,comment,50,ACl,3.0,8,64.946,0.0588052,1,18.8679142,23,4356.672,-1218879985.0,5.17394,0.718,36.84469873916531,58.272016316512975,11.099773379770228,3.91842645306826,2.83271193493468,4.591259875670772,3.500789671868888
32290,20080710055935380.VIKR.1-8.fb1,VIKR,65.0747,-16.5135,2008-07-10 05:59:35.380,2008,192.25,65.0185,-16.6723,9.76234,2.3,-12345,-12345,76.713,13.9,15.429644,6.09478,0.07875,0.00375,9.0,4.25,0.0,anginc_corr,ass_5_15,Apr,comment,50,ACl,1.0,8,67.713,0.0588052,1,10.5046968,48,13036.51,-1215669985.0,6.8662,0.718,36.84334029159476,58.26908424192269,11.199857991867503,3.9482540441781104,2.8366609307681787,1.994354175720048,3.501462089621822
32291,20080802204858520.VIKR.4-10.fb1,VIKR,65.0747,-16.5135,2008-08-02 20:48:58.520,2008,215.867,65.0149,-16.685,10.4794,2.2,-12345,-12345,109.706,13.9,15.397989,6.30051,0.15,0.0,-30.0,5.5,0.0,anginc_corr,ass_5_15,Apr,comment,50,ACl,4.0,10,40.294,0.0588052,1,9.42234516,35,7773.891,-1217709985.0,6.8662,0.718,36.82826332237163,57.27402034370211,11.944536220812395,4.180155924222096,2.857437961009841,3.587228489497818,3.508925838219267
32292,20070807075231040.VIKR.4-10.fb1,VIKR,65.0747,-16.5135,2007-08-07 07:52:31.040,2007,219.328,65.0104,-16.6468,9.53421,2.4,-12345,-12345,2.273,13.9,15.397408,5.18734,0.02625,0.001875,38.0,8.0,0.0,anginc_corr,ass_5_15,Apr,comment,50,ACl,4.0,10,35.727,0.0588052,1,6.90758848,38,630.1862,-1186472985.0,6.89921,0.718,36.84419641476301,59.26172302579118,10.947648701647076,3.863240527539907,2.833799403274144,0.6794735360756476,3.501038315955191
32293,20070713072839160.VIKR.1-8.fb1,VIKR,65.0747,-16.5135,2007-07-13 07:28:39.160,2007,194.311,65.031,-16.6914,9.69345,1.9,-12345,-12345,79.113,13.9,15.393458,4.28068,0.06375,0.00375,24.0,8.5,0.0,anginc_corr,ass_5_15,Apr,comment,50,ACl,1.0,8,55.113,0.0588052,1,3.381778,41,85470.61,-1184311985.0,7.3125,0.718,43.41565846138332,65.66923847923042,10.513275274410129,3.978985102214629,2.642200210440253,1.602064542251469,2.5557454289490487
32294,20080815232324080.VIKR.0.5-5.fb1,VIKR,65.0747,-16.5135,2008-08-15 23:23:24.080,2008,228.975,65.0292,-16.6893,9.71012,2.0,-12345,-12345,73.696,13.9,15.701174,3.43724,0.075,0.002812,21.0,5.0,0.0,anginc_corr,ass_5_15,Apr,comment,50,ACl,0.5,5,52.696,0.0588052,1,4.746912,61,465811.1,-1218842985.0,4.28874,0.718,43.26619240658869,70.29250424879119,10.526489993416392,3.971405754291268,2.6505702626940315,1.888331708495628,2.5894507835509124
32295,20070707221748400.VIKR.3-8.fb1,VIKR,65.0747,-16.5135,2007-07-07 22:17:48.400,2007,188.929,65.0319,-16.6914,9.64354,2.0,-12345,-12345,70.685,14.7,15.352462,4.91756,0.0825,0.001875,27.0,6.25,0.0,anginc_corr,ass_5_15,Apr,comment,50,ACl,3.0,8,43.685,0.0588052,1,20.0118446,19,3345.355,-1183846985.0,5.74682,0.718,43.30676349460382,70.41315383218293,10.45433354564705,3.948034221267896,2.647984530967333,2.089419472444831,2.580279635467381
32296,20070718203118600.VIKR.1-8.fb1,VIKR,65.0747,-16.5135,2007-07-18 20:31:18.600,2007,199.855,65.0212,-16.6702,9.49432,2.0,-12345,-12345,166.084,13.9,15.478265,5.45968,0.09,0.002812,40.0,8.0,0.0,anginc_corr,ass_5_15,Apr,comment,50,ACl,1.0,8,53.916,0.0588052,1,4.23863506,42,372083.9,-1184790985.0,6.09375,0.718,43.388613586436726,70.65850956090983,10.297574797490558,3.897143941867746,2.642338838671517,2.3090756903926035,2.561795943955625
32297,20070718080206560.VIKR.4-10.fb1,VIKR,65.0747,-16.5135,2007-07-18 08:02:06.560,2007,199.335,65.022,-16.6808,9.82778,2.2,-12345,-12345,3.063,14.3,15.440827,6.13509,0.0975,0.001875,49.0,3.5,0.0,anginc_corr,ass_5_15,Apr,comment,50,ACl,4.0,10,45.937,0.0588052,1,9.44993687,37,1583.16,-1184745985.0,6.27297,0.718,36.84455934834282,57.30789471601859,11.299202411309956,3.9881376630262,2.833202704125344,2.4443849267839823,3.5008586683605705
32298,20080826152946620.VIKR.2-6.fb1,VIKR,65.0747,-16.5135,2008-08-26 15:29:46.620,2008,239.646,65.0185,-16.6214,8.07266,2.9,-12345,-12345,74.687,13.9,15.375368,3.6292,0.1875,0.004687,27.0,8.75,0.0,anginc_corr,ass_5_15,Apr,comment,50,ACl,2.0,6,47.687,0.0588052,1,3.35248065,34,17511.0,-1219764985.0,4.65495,0.718,37.60370681701856,65.92018658545362,9.28782741853232,3.347043301156152,2.774934944918124,5.597571068964413,3.409799007130082
32299,20070725075742260.VIKR.0.5-5.fb1,VIKR,65.0747,-16.5135,2007-07-25 07:57:42.260,2007,206.332,65.0759,-16.5002,0.634308,2.6,-12345,-12345,84.849,13.9,15.275647,12.9583,0.10125,0.0,39.0,1.5,0.0,anginc_corr,ass_5_15,Apr,comment,50,ACl,0.5,5,45.849,0.0588052,1,70.9339905,27,693537.0,-1185349985.0,6.63504,0.718,11.590642916655778,162.93838347533352,2.6782464141626554,1.14362617486655,2.341889747736126,8.836136234566894,2.6
32300,20080703100338480.VIKR.3-8.fb1,VIKR,65.0747,-16.5135,2008-07-03 10:03:38.480,2008,185.419,65.0292,-16.6702,8.95525,1.9,-12345,-12345,157.295,13.9,15.40165,4.60639,0.1425,0.004687,42.0,6.25,0.0,anginc_corr,ass_5_15,Apr,comment,50,ACl,3.0,8,64.705,0.0588052,1,6.25347519,38,34225.98,-1215078985.0,4.97855,0.718,43.70804943143174,66.36025506576105,9.755139624147777,3.7276762534016585,2.6169492630283564,3.821361294114212,2.4925551282337635
32301,20070725083154060.VIKR.4-10.fb1,VIKR,65.0747,-16.5135,2007-07-25 08:31:54.060,2007,206.355,65.0785,-16.5024,0.672812,2.7,-12345,-12345,101.428,13.9,15.423103,12.3408,0.09375,0.000937,45.0,3.75,0.0,anginc_corr,ass_5_15,Apr,comment,50,ACl,4.0,10,56.428,0.0588052,1,9.16309834,56,8484.764,-1185351985.0,7.26041,0.718,11.622314906570937,162.74638682547982,2.783357713157371,1.1793391918456515,2.3600993949852964,7.936847982375994,2.7
32302,20080806195450620.VIKR.4-10.fb1,VIKR,65.0747,-16.5135,2008-08-06 19:54:50.620,2008,219.83,65.0212,-16.6659,9.33981,2.2,-12345,-12345,97.766,14.5,15.403289,6.16839,0.09,0.000937,30.0,3.75,0.0,anginc_corr,ass_5_15,Apr,comment,50,ACl,4.0,10,67.766,0.0588052,1,16.6449471,36,2085.625,-1218051985.0,7.61719,0.718,43.12020475525206,73.6002809002615,10.134561247014824,3.821957578454198,2.6516676438658373,2.3544878514073275,2.622509682113168
32303,20080706063434440.VIKR.3-8.fb1,VIKR,65.0747,-16.5135,2008-07-06 06:34:34.440,2008,188.274,65.031,-16.6872,9.52107,2.0,-12345,-12345,48.595,13.9,15.404728,5.30835,0.08625,0.000937,2.0,8.25,0.0,anginc_corr,ass_5_15,Apr,comment,50,ACl,3.0,8,46.595,0.0588052,1,9.15335941,35,13514.82,-1215325985.0,7.51827,0.718,43.37354944417321,70.61315376195051,10.328567907625644,3.9071954265846687,2.643473586539791,2.2071968750566384,2.565195912696958
32304,20080806123452340.VIKR.1-8.fb1,VIKR,65.0747,-16.5135,2008-08-06 12:34:52.340,2008,219.524,65.0597,-16.4939,1.91237,3.4,-12345,-12345,150.029,13.9,15.386524,6.12771,0.09375,0.002812,18.0,5.5,0.0,anginc_corr,ass_5_15,Apr,comment,50,ACl,1.0,8,47.971,0.0588052,1,3.44802856,57,144967.0,-1218025985.0,6.3101,0.718,22.449975539772225,141.34458411823528,3.911615906586914,1.566554369979981,2.4969550891724874,5.979122904491163,3.4000000000000004
32305,20080823041106040.VIKR.3-8.fb1,VIKR,65.0747,-16.5135,2008-08-23 04:11:06.040,2008,236.174,65.0131,-16.615,8.37271,2.4,-12345,-12345,49.957,14.7,15.474846,3.93284,0.1725,0.002812,12.0,5.25,0.0,anginc_corr,ass_5_15,Apr,comment,50,ACl,3.0,8,37.957,0.0588052,1,7.05398846,26,4629.757,-1219464985.0,6.25,0.718,43.19866195208509,78.86914439168,9.146040419374776,3.478998243045264,2.6289293010303427,4.955280094380754,2.604729688903861
32306,20070804111250160.VIKR.1-8.fb1,VIKR,65.0747,-16.5135,2007-08-04 11:12:50.160,2007,216.467,65.0131,-16.6701,10.0851,1.9,-12345,-12345,137.208,13.9,15.494308,5.00154,0.09,0.001875,24.0,3.0,0.0,anginc_corr,ass_5_15,Apr,comment,50,ACl,1.0,8,66.792,0.0588052,1,11.3620377,71,148833.6,-1186225985.0,6.1553,0.718,43.18662846585145,65.13832324758006,10.924229892382998,4.111830346092538,2.656780307768356,2.188544165080941,2.6074540668049826
32307,20080806130659500.VIKR.1-8.fb1,VIKR,65.0747,-16.5135,2008-08-06 13:06:59.500,2008,219.546,65.0588,-16.4961,1.95645,3.2,-12345,-12345,141.361,13.9,15.369114,13.2688,0.10875,0.005625,19.0,6.75,0.0,anginc_corr,ass_5_15,Apr,comment,50,ACl,1.0,8,57.639,0.0588052,1,4.04570389,35,2533845.0,-1218027985.0,6.3101,0.718,24.383775780667754,139.53620372840336,3.7608104993343416,1.527165244336674,2.462608753886259,7.112032133139223,3.2
32308,20080706081503840.VIKR.4-10.fb1,VIKR,65.0747,-16.5135,2008-07-06 08:15:03.840,2008,188.344,65.0149,-16.6659,9.80238,2.2,-12345,-12345,62.646,14.5,15.580887,3.28404,0.18375,0.002812,-2.0,4.0,0.0,anginc_corr,ass_5_15,Apr,comment,50,ACl,4.0,10,64.646,0.0588052,1,8.54736137,38,1139.126,-1215331985.0,4.73534,0.718,36.84490372475533,57.30861082627087,11.268917454808564,3.9791098032831385,2.832019725997672,4.615407793874482,3.5006882071206658
32309,20070705202957760.VIKR.2-6.fb1,VIKR,65.0747,-16.5135,2007-07-05 20:29:57.760,2007,186.854,65.0229,-16.6829,9.84916,2.0,-12345,-12345,101.823,14.5,15.420844,3.30646,0.1125,0.001875,56.0,6.0,0.0,anginc_corr,ass_5_15,Apr,comment,50,ACl,2.0,6,45.823,0.0588052,1,16.6357803,29,5976.036,-1183666985.0,3.47222,0.718,43.178909087745616,70.03504796304225,10.67459364517888,4.019208462438697,2.655894498864077,2.798510565041568,2.60920201463985
32310,20070804111518440.VIKR.2-6.fb1,VIKR,65.0747,-16.5135,2007-08-04 11:15:18.440,2007,216.469,65.0131,-16.6744,10.2323,1.9,-12345,-12345,169.811,13.9,15.476872,3.78698,0.21,0.00375,55.0,5.0,0.0,anginc_corr,ass_5_15,Apr,comment,50,ACl,2.0,6,65.189,0.0588052,1,5.57336092,42,44990.02,-1186225985.0,4.17878,0.718,43.09182469519554,64.92106850766268,11.082211241555155,4.162340958637037,2.6624948200264784,5.04203130323333,2.629008615539964
32311,20080706112947520.VIKR.1-8.fb1,VIKR,65.0747,-16.5135,2008-07-06 11:29:47.520,2008,188.479,65.0203,-16.6659,9.404,2.0,-12345,-12345,163.156,13.9,15.528535,3.48744,0.10125,0.025312,20.0,9.75,0.0,anginc_corr,ass_5_15,Apr,comment,50,ACl,1.0,8,36.844,0.0588052,1,3.01060319,29,26704.46,-1215343985.0,5.60345,0.718,43.43749011249594,70.8063006179847,10.2016318177265,3.865857977675974,2.6389049666691022,2.6186332554246405,2.5508704228996626
32312,20080824052715540.VIKR.1-8.fb1,VIKR,65.0747,-16.5135,2008-08-24 05:27:15.540,2008,237.227,65.0203,-16.6723,9.63498,1.9,-12345,-12345,86.336,13.9,15.459476,5.36848,0.075,0.008437,18.0,6.75,0.0,anginc_corr,ass_5_15,Apr,comment,50,ACl,1.0,8,68.336,0.0588052,1,4.77384281,36,225882.4,-1219555985.0,7.71361,0.718,43.44812195526685,65.74521000167451,10.450997163806129,3.9586439725677978,2.6400447315364475,1.8944181765718329,2.548496969906184
32313,20080811070309900.VIKR.3-8.fb1,VIKR,65.0747,-16.5135,2008-08-11 07:03:09.900,2008,224.294,65.0212,-16.6744,9.65053,2.0,-12345,-12345,42.134,14.099999,15.490232,8.20733,0.18375,0.001875,6.0,4.5,0.0,anginc_corr,ass_5_15,Apr,comment,50,ACl,3.0,8,36.134,0.0588052,1,8.32484531,28,9478.009,-1218437985.0,5.60345,0.718,43.303894173822975,70.40460030195523,10.45952102317986,3.94971615940974,2.648170299088775,4.649718517827495,2.580928048198401
32314,20080807020725980.VIKR.4-10.fb1,VIKR,65.0747,-16.5135,2008-08-07 02:07:25.980,2008,220.088,65.0579,-16.4939,2.08984,3.8,-12345,-12345,171.099,13.9,15.282063,13.5095,0.08625,0.0,23.0,1.75,0.0,anginc_corr,ass_5_15,Apr,comment,50,ACl,4.0,10,31.901,0.0588052,1,40.2840271,47,1000.702,-1218074985.0,6.3101,0.718,21.253077165251018,142.18100475812702,4.351721019082141,1.6926410317352785,2.5709650998007536,5.092283827499955,3.8
32315,20070826072508860.VIKR.4-10.fb1,VIKR,65.0747,-16.5135,2007-08-26 07:25:08.860,2007,238.309,65.0319,-16.6978,9.90529,1.7,-12345,-12345,145.404,14.3,15.465402,3.92155,0.15,0.002812,30.0,7.0,0.0,anginc_corr,ass_5_15,Apr,comment,50,ACl,4.0,10,64.596,0.0588052,1,6.69653988,42,1515.854,-1188112985.0,7.3125,0.718,43.49784586832456,57.86162256419042,10.770019290016696,4.089295004433333,2.633710524268995,3.6668808994996014,2.5374021406296325
32316,20070805215439560.VIKR.4-10.fb1,VIKR,65.0747,-16.5135,2007-08-05 21:54:39.560,2007,217.913,65.0176,-16.6426,8.80852,1.2,-12345,-12345,159.832,14.3,15.3012,4.77389,0.3,0.002812,-88.0,5.25,0.0,anginc_corr,ass_5_15,Apr,comment,50,ACl,4.0,10,67.832,0.0588052,1,5.38786316,34,1222.206,-1186350985.0,7.71361,0.718,44.96819136002634,51.518300663686034,9.71487390547992,3.841749779093548,2.528762794065188,7.797073198302584,2.277148885306003
32317,20080714065114020.VIKR.2-6.fb1,VIKR,65.0747,-16.5135,2008-07-14 06:51:14.020,2008,196.285,65.014,-16.6723,10.091,2.0,-12345,-12345,172.053,14.7,15.433168,3.18047,0.09,0.004687,36.0,8.25,0.0,anginc_corr,ass_5_16,Apr,comment,50,ACl,2.0,6,43.947,0.0588052,1,7.42835426,19,5062.516,-1216017985.0,4.375,0.718,43.02751823210264,69.59503822994489,10.928149885587729,4.100380064866299,2.6651553545546904,2.194654189017342,2.643745711257953
32318,20080811081122100.VIKR.1-8.fb1,VIKR,65.0747,-16.5135,2008-08-11 08:11:22.100,2008,224.341,65.0212,-16.6723,9.57222,2.1,-12345,-12345,96.016,14.7,15.393138,5.98006,0.09375,0.001875,40.0,6.75,0.0,anginc_corr,ass_5_15,Apr,comment,50,ACl,1.0,8,56.016,0.0588052,1,13.5586748,28,240294.0,-1218441985.0,4.33673,0.718,43.17367064297364,71.81252789603683,10.377482992242834,3.911746379169475,2.652902817908695,2.396283723170712,2.610388314849666
32319,20070724062139780.VIKR.4-10.fb1,VIKR,65.0747,-16.5135,2007-07-24 06:21:39.780,2007,205.265,65.0131,-16.6659,9.93969,1.1,-12345,-12345,70.526,14.099999,15.493058,4.32984,0.1875,0.024375,8.0,6.75,0.0,anginc_corr,ass_5_15,Apr,comment,50,ACl,4.0,10,62.526,0.0588052,1,4.32745075,26,1973.86,-1185257985.0,6.48871,0.718,43.90417593449603,49.6316594764313,10.970805597779206,4.263015316656425,2.5734849121733503,4.39617017511722,2.458072956813167
32320,20080827074053320.VIKR.4-10.fb1,VIKR,65.0747,-16.5135,2008-08-27 07:40:53.320,2008,240.32,65.022,-16.6702,9.43175,2.4,-12345,-12345,162.591,14.7,15.397989,5.99109,0.02625,0.016875,50.0,7.0,0.0,anginc_corr,ass_5_15,Apr,comment,50,ACl,4.0,10,67.409,0.0588052,1,11.5172129,28,5351.987,-1219822985.0,6.8662,0.718,36.8452975207692,59.26419427941357,10.848832455560435,3.833781540962181,2.8297993351070434,0.6846945258928372,3.500493284848595
32321,20080724011101360.VIKR.3-8.fb1,VIKR,65.0747,-16.5135,2008-07-24 01:11:01.360,2008,206.049,65.1117,-16.6853,9.07013,4.1,-12345,-12345,134.494,14.7,15.603462,5.56545,0.28125,0.00375,1.0,5.0,0.0,anginc_corr,ass_5_15,Apr,comment,50,ACl,3.0,8,46.506,0.0588052,1,6.03826094,21,12367.12,-1216861985.0,4.19695,0.718,35.60394970716444,90.7856986939246,10.391744762709273,3.578228902844866,2.904158745810624,7.847931274364228,4.1
32322,20080724100831620.VIKR.1-8.fb1,VIKR,65.0747,-16.5135,2008-07-24 10:08:31.620,2008,206.423,65.0194,-16.6702,9.62145,2.1,-12345,-12345,32.865,14.3,15.428276,3.16935,0.075,0.00375,-10.0,8.25,0.0,anginc_corr,ass_5_15,Apr,comment,50,ACl,1.0,8,42.865,0.0588052,1,4.10298443,25,89049.77,-1216893985.0,6.94444,0.718,43.14187152877887,71.70961764394609,10.430830389040707,3.928962981221359,2.65485585863122,1.9087267883989512,2.6175917378586258
32323,20070724182122660.VIKR.1-8.fb1,VIKR,65.0747,-16.5135,2007-07-24 18:21:22.660,2007,205.765,65.0758,-16.4939,0.930371,2.6,-12345,-12345,7.729,13.9,15.423103,7.52752,0.12,0.002812,28.0,3.75,0.0,anginc_corr,ass_5_15,Apr,comment,50,ACl,1.0,8,20.271,0.0588052,1,6.59668112,50,167997.9,-1185300985.0,7.96875,0.718,16.426483325210032,155.60971683114826,2.762957562163848,1.1785208393364854,2.3444282612086944,10.15599920218655,2.6
32324,20080806232837960.VIKR.1-8.fb1,VIKR,65.0747,-16.5135,2008-08-06 23:28:37.960,2008,219.978,65.0606,-16.4918,1.87795,3.3,-12345,-12345,170.214,13.9,15.282063,8.0711,0.08625,0.0,22.0,1.75,0.0,anginc_corr,ass_5_15,Apr,comment,50,ACl,1.0,8,31.786,0.0588052,1,35.6213875,58,10884.4,-1218064985.0,6.3101,0.718,22.865608295875365,141.45008341504368,3.806294552549018,1.535766218432895,2.478433570724705,5.611667771785278,3.3
32325,20070728054555780.VIKR.4-10.fb1,VIKR,65.0747,-16.5135,2007-07-28 05:45:55.780,2007,209.24,65.0714,-16.5003,0.726544,4.1,-12345,-12345,94.254,13.9,15.52826,7.27094,0.0975,0.001875,49.0,4.5,0.0,anginc_corr,ass_5_15,Apr,comment,50,ACl,4.0,10,45.254,0.0588052,1,5.97644567,56,1725.369,-1185601985.0,6.19507,0.718,7.416319513435384,167.19141879795455,4.164612737384948,1.60216724556005,2.5993620509506643,6.079883241317674,4.1
32326,20070804040358600.VIKR.4-10.fb1,VIKR,65.0747,-16.5135,2007-08-04 04:03:58.600,2007,216.169,65.0238,-16.685,9.87248,1.9,-12345,-12345,110.95,14.099999,15.532411,3.28696,0.29625,0.002812,-29.0,9.25,0.0,anginc_corr,ass_5_15,Apr,comment,50,ACl,4.0,10,40.05,0.0588052,1,2.98704696,36,3239.749,-1186199985.0,6.00961,0.718,43.316089147476994,65.437350234751,10.703630499781369,4.0406857246695465,2.648963871263887,7.321850172824895,2.578172424061531
32327,20070722103722440.VIKR.1-8.fb1,VIKR,65.0747,-16.5135,2007-07-22 10:37:22.440,2007,203.442,65.0131,-16.6595,9.72521,2.3,-12345,-12345,162.886,13.9,15.424667,7.04499,0.09,0.001875,38.0,4.5,0.0,anginc_corr,ass_5_15,Apr,comment,50,ACl,1.0,8,55.114,0.0588052,1,9.82922268,55,76275.31,-1185100985.0,6.1553,0.718,36.84388604505447,58.27026217383186,11.163185803891356,3.9373266258203854,2.8352196464181785,2.285516429925849,3.50119194576562
32328,20070819084233900.VIKR.4-10.fb1,VIKR,65.0747,-16.5135,2007-08-19 08:42:33.900,2007,231.363,65.022,-16.6871,10.0698,2.2,-12345,-12345,4.014,14.099999,15.474509,6.55799,0.02625,0.001875,66.0,6.5,0.0,anginc_corr,ass_5_15,Apr,comment,50,ACl,4.0,10,61.986,0.0588052,1,7.59162331,39,1822.951,-1187512985.0,7.23684,0.718,36.84052040221127,57.2994967679246,11.537894297367794,4.059241076232502,2.842377203197905,0.6466658441468098,3.502857944366468
32329,20080708040134760.VIKR.4-10.fb1,VIKR,65.0747,-16.5135,2008-07-08 04:01:34.760,2008,190.168,65.1153,-16.4937,4.61759,2.5,-12345,-12345,103.413,13.9,15.461183,6.89332,0.10875,0.005625,49.0,8.0,0.0,anginc_corr,ass_5_15,Apr,comment,50,ACl,4.0,10,54.413,0.0588052,1,3.79793906,37,3235.422,-1215489985.0,8.08687,0.718,43.26449282467103,96.95689241010098,5.39547748577688,2.195597149194472,2.4574077661543656,4.950060271563928,2.5
32330,20080806065454180.VIKR.4-10.fb1,VIKR,65.0747,-16.5135,2008-08-06 06:54:54.180,2008,219.288,65.0857,-16.5172,1.23739,4.9,-12345,-12345,97.396,13.9,15.514606,6.20354,0.12,0.021562,35.0,8.25,0.0,anginc_corr,ass_5_15,Apr,comment,50,ACl,4.0,10,62.396,0.0588052,1,3.46648097,34,2470.772,-1218005985.0,6.02679,0.718,9.982648016570836,161.8871820678885,5.058991114708255,1.859858941010205,2.72009398302024,6.445401195060185,4.9
32331,20080723003308360.VIKR.4-10.fb1,VIKR,65.0747,-16.5135,2008-07-23 00:33:08.360,2008,205.023,65.014,-16.6723,10.091,1.0,-12345,-12345,137.729,13.9,15.439395,7.24706,0.09,0.019687,73.0,8.25,0.0,anginc_corr,ass_5_16,Apr,comment,50,ACl,4.0,10,64.729,0.0588052,1,12.0154486,26,3351.629,-1216772985.0,7.36607,0.718,43.86504918562788,49.037341804212,11.162966261620529,4.344863688080839,2.5692327914092283,2.07118920994418,2.464943020774194
32332,20070703211514560.VIKR.4-10.fb1,VIKR,65.0747,-16.5135,2007-07-03 21:15:14.560,2007,184.886,65.0256,-16.6468,8.3304,2.3,-12345,-12345,5.752,13.9,15.530496,4.87582,0.10125,0.002812,50.0,8.0,0.0,anginc_corr,ass_5_15,Apr,comment,50,ACl,4.0,10,44.248,0.0588052,1,4.68712187,41,4421.219,-1183496985.0,6.09375,0.718,43.44518408099356,77.26311836449739,9.09501197407888,3.472005060101945,2.619527280819064,2.9155626602729967,2.549152779367872
32333,20080815124215380.VIKR.1-8.fb1,VIKR,65.0747,-16.5135,2008-08-15 12:42:15.380,2008,228.529,65.0131,-16.6617,9.79621,2.3,-12345,-12345,131.842,14.5,15.553583,4.61812,0.07875,0.006563,21.0,5.75,0.0,anginc_corr,ass_5_16,Apr,comment,50,ACl,1.0,8,69.158,0.0588052,1,7.40971947,36,113234.1,-1218803985.0,4.84913,0.718,36.84273901448798,58.26778650565621,11.236535291761143,3.9591809135520606,2.8380959438602806,1.988851084917087,3.501759719497781
32334,20080805123329700.VIKR.4-10.fb1,VIKR,65.0747,-16.5135,2008-08-05 12:33:29.700,2008,218.523,65.0767,-16.4832,1.43963,4.7,-12345,-12345,84.396,14.7,15.304008,4.79762,0.09,0.0,26.0,3.0,0.0,anginc_corr,ass_5_15,Apr,comment,50,ACl,4.0,10,58.396,0.0588052,1,18.8549919,25,30101.69,-1217939985.0,7.51827,0.718,12.08991196993846,158.16966680626516,4.922730193114853,1.826611687633092,2.6950064025341294,4.9241688242823045,4.7
32335,20080721233512440.VIKR.4-10.fb1,VIKR,65.0747,-16.5135,2008-07-21 23:35:12.440,2008,203.983,65.0703,-16.8148,14.1861,3.1,-12345,-12345,60.681,14.3,15.50743,3.77132,0.14625,0.002812,7.0,9.25,0.0,anginc_corr,ass_5_15,Apr,comment,50,ACl,4.0,10,53.681,0.0588052,1,3.21603894,29,3495.926,-1216682985.0,6.41984,0.718,36.06997641510228,65.05884423601032,15.507869909937778,5.124360022592707,3.02630374165074,2.8534339869793257,3.886244892199225
32336,20070809033527720.VIKR.4-10.fb1,VIKR,65.0747,-16.5135,2007-08-09 03:35:27.720,2007,221.149,65.0229,-16.6871,10.0119,2.0,-12345,-12345,130.844,14.5,15.3012,6.11682,0.09,0.002812,61.0,7.25,0.0,anginc_corr,ass_5_15,Apr,comment,50,ACl,4.0,10,69.844,0.0588052,1,14.5438833,17,5139.469,-1186630985.0,7.71361,0.718,43.07867673032917,69.74282448627959,10.844650804967896,4.073687283744656,2.662121574290103,2.209031134209738,2.63202047411654
32337,20080802084946260.VIKR.4-10.fb1,VIKR,65.0747,-16.5135,2008-08-02 08:49:46.260,2008,215.368,65.0176,-16.6744,9.9032,3.0,-12345,-12345,152.801,14.099999,15.374393,5.60905,0.09375,0.000937,30.0,5.75,0.0,anginc_corr,ass_5_16,Apr,comment,50,ACl,4.0,10,57.199,0.0588052,1,13.342679,35,1187.409,-1217666985.0,7.8125,0.718,36.77902305324591,64.55377400373449,11.169147625063538,3.876350697975104,2.8813563310713826,2.418158269210835,3.5333121344673186
32338,20070722103529300.VIKR.1-8.fb1,VIKR,65.0747,-16.5135,2007-07-22 10:35:29.300,2007,203.441,65.014,-16.6659,9.87077,2.1,-12345,-12345,132.545,14.3,15.368364,7.46362,0.0675,0.002812,18.0,4.75,0.0,anginc_corr,ass_5_15,Apr,comment,50,ACl,1.0,8,65.455,0.0588052,1,16.4684143,40,115238.1,-1185100985.0,6.34615,0.718,42.98736737580816,71.21661217187015,10.6944547913116,4.013481586167562,2.6646328285571235,1.6817126486131428,2.6529549071304688
32339,20080806104007560.VIKR.1-8.fb1,VIKR,65.0747,-16.5135,2008-08-06 10:40:07.560,2008,219.444,65.0579,-16.4939,2.08984,3.2,-12345,-12345,170.554,13.9,15.282063,17.4552,0.08625,0.0,21.0,1.75,0.0,anginc_corr,ass_5_15,Apr,comment,50,ACl,1.0,8,30.446,0.0588052,1,39.5896988,53,137488.5,-1218018985.0,6.3101,0.718,25.61569916400237,137.18771513205974,3.835073003849296,1.555496579613953,2.4654975485713337,5.5405976514251165,3.2
32340,20080824064337300.VIKR.4-10.fb1,VIKR,65.0747,-16.5135,2008-08-24 06:43:37.300,2008,237.28,65.0212,-16.668,9.4168,2.1,-12345,-12345,112.371,13.9,15.397989,6.33555,0.09,0.001875,46.0,5.25,0.0,anginc_corr,ass_5_15,Apr,comment,50,ACl,4.0,10,66.371,0.0588052,1,8.12132549,47,4517.141,-1219559985.0,6.8662,0.718,43.268252951193006,72.12168003555107,10.21253522570164,3.85833559428684,2.646875829262666,2.33229481218018,2.5889848472925667
32341,20070811173209640.VIKR.2-6.fb1,VIKR,65.0747,-16.5135,2007-08-11 17:32:09.640,2007,223.731,65.0319,-16.6914,9.64354,1.9,-12345,-12345,163.375,13.9,15.7399,3.33936,0.15,0.005625,29.0,6.75,0.0,anginc_corr,ass_5_16,Apr,comment,50,ACl,2.0,6,45.625,0.0588052,1,4.31577682,27,4442.227,-1186853985.0,4.01526,0.718,43.44309350452721,65.73343039790308,10.460806223168934,3.961851286941903,2.640383362608111,3.784752955347415,2.549619469458688
32342,20080821012032620.VIKR.3-8.fb1,VIKR,65.0747,-16.5135,2008-08-21 01:20:32.620,2008,234.056,65.0229,-16.6723,9.44872,2.0,-12345,-12345,13.265,13.9,15.448891,7.31081,0.1125,0.001875,58.0,7.25,0.0,anginc_corr,ass_5_15,Apr,comment,50,ACl,3.0,8,44.735,0.0588052,1,13.6468287,28,2192.642,-1219281985.0,5.72034,0.718,43.40972443414887,70.72222467468974,10.255254414063726,3.883397168520321,2.640794636509264,2.8963405402890885,2.557070800651
32343,20070810080620620.VIKR.1-8.fb1,VIKR,65.0747,-16.5135,2007-08-10 08:06:20.620,2007,222.338,65.0489,-16.4961,2.99059,2.9,-12345,-12345,134.0,14.3,15.309167,6.77588,0.02625,0.001875,20.0,6.0,0.0,anginc_corr,ass_5_16,Apr,comment,50,ACl,1.0,8,66.0,0.0588052,1,8.98564911,45,80245.44,-1186732985.0,5.87859,0.718,34.87490194110333,121.1839860858247,4.203288816614479,1.720954873312483,2.4424166384584014,1.5252272886783658,2.9000000000000004
32344,20080719044915840.VIKR.3-8.fb1,VIKR,65.0747,-16.5135,2008-07-19 04:49:15.840,2008,201.201,65.0167,-16.6617,9.5197,2.6,-12345,-12345,148.811,13.9,15.404014,5.35722,0.02625,0.00375,-6.0,7.75,0.0,anginc_corr,ass_5_16,Apr,comment,50,ACl,3.0,8,25.189,0.0588052,1,4.92109585,28,12446.24,-1216442985.0,6.54151,0.718,36.83749155426631,61.10628986870046,10.879218166755033,3.82430106565021,2.8447598606898223,0.6863918495923826,3.5043572916353405
32345,20070712043004440.VIKR.2-6.fb1,VIKR,65.0747,-16.5135,2007-07-12 04:30:04.440,2007,193.187,65.0337,-16.6999,9.89897,1.9,-12345,-12345,146.483,14.3,15.398369,3.76066,0.16125,0.0075,32.0,7.0,0.0,anginc_corr,ass_5_15,Apr,comment,50,ACl,2.0,6,65.517,0.0588052,1,5.48963404,26,17349.11,-1184214985.0,5.07812,0.718,43.30241849363585,65.40564314536911,10.728023951979344,4.048578264294344,2.6498250130405245,3.981301363076284,2.581261536186924
32346,20080806100450720.VIKR.4-10.fb1,VIKR,65.0747,-16.5135,2008-08-06 10:04:50.720,2008,219.42,65.022,-16.6765,9.66821,1.7,-12345,-12345,89.122,13.9,15.444104,6.73783,0.09,0.001875,27.0,6.5,0.0,anginc_corr,ass_5_15,Apr,comment,50,ACl,4.0,10,62.122,0.0588052,1,10.4594698,44,1256.825,-1218016985.0,6.94444,0.718,43.60061933316241,58.03429253750438,10.52702340950994,4.009145685605585,2.6257522761784653,2.2445845373908924,2.5144993919668988
32347,20080828160627460.VIKR.1-8.fb1,VIKR,65.0747,-16.5135,2008-08-28 16:06:27.460,2008,241.671,65.0229,-16.6723,9.44872,1.9,-12345,-12345,137.913,14.3,15.3339,6.69009,0.09375,0.00375,72.0,6.5,0.0,anginc_corr,ass_5_16,Apr,comment,50,ACl,1.0,8,65.913,0.0588052,1,4.90041494,45,95573.53,-1219939985.0,8.00305,0.718,43.53740447740276,65.95510069988711,10.263460697320037,3.897057056005969,2.6336439394702857,2.405313517601826,2.5285820044555
32348,20080806113633640.VIKR.1-8.fb1,VIKR,65.0747,-16.5135,2008-08-06 11:36:33.640,2008,219.484,65.0588,-16.4961,1.95645,3.2,-12345,-12345,151.199,13.9,15.282063,14.0883,0.09,0.000937,16.0,3.25,0.0,anginc_corr,ass_5_15,Apr,comment,50,ACl,1.0,8,44.801,0.0588052,1,17.8529243,76,246492.0,-1218022985.0,6.3101,0.718,24.383775780667754,139.53620372840336,3.7608104993343416,1.527165244336674,2.462608753886259,5.888163823053816,3.2
32349,20080808142036680.VIKR.0.5-5.fb1,VIKR,65.0747,-16.5135,2008-08-08 14:20:36.680,2008,221.597,65.0194,-16.6702,9.62145,2.4,-12345,-12345,67.064,13.9,15.342157,10.6786,0.09,0.000937,21.0,4.75,0.0,anginc_corr,ass_5_15,Apr,comment,50,ACl,0.5,5,46.064,0.0588052,1,14.3259163,38,159438.5,-1218204985.0,4.33673,0.718,36.84293481338537,59.25889174294896,11.032162236503066,3.888424126156449,2.837180790617076,2.314252422338825,3.501662799532945
32350,20070726152027980.VIKR.1-8.fb1,VIKR,65.0747,-16.5135,2007-07-26 15:20:27.980,2007,207.639,65.0767,-16.5002,0.661288,2.6,-12345,-12345,87.936,14.7,15.293605,5.54635,0.09375,0.000937,46.0,3.75,0.0,anginc_corr,ass_5_15,Apr,comment,50,ACl,1.0,8,41.936,0.0588052,1,20.5498333,28,104577.0,-1185462985.0,7.26041,0.718,12.011695265762638,162.30773385237316,2.684252317825695,1.146104433231105,2.342066080538781,8.166245440358821,2.6
32351,20070708234442380.VIKR.4-10.fb1,VIKR,65.0747,-16.5135,2007-07-08 23:44:42.380,2007,189.989,65.022,-16.6893,10.1512,2.0,-12345,-12345,100.045,14.099999,15.333122,5.76503,0.09,0.001875,33.0,5.75,0.0,anginc_corr,ass_5_15,Apr,comment,50,ACl,4.0,10,67.045,0.0588052,1,9.60457611,39,579.1313,-1183937985.0,6.36661,0.718,42.98475427917016,69.47219020801573,10.995782697877488,4.121957355588417,2.6676119496893294,2.1831685345333085,2.6535544682974965
32352,20070718080212700.VIKR.4-10.fb1,VIKR,65.0747,-16.5135,2007-07-18 08:02:12.700,2007,199.335,65.0212,-16.6871,10.1285,1.8,-12345,-12345,94.325,13.9,15.495675,4.16913,0.33,0.001875,-56.0,3.75,0.0,anginc_corr,ass_5_15,Apr,comment,50,ACl,4.0,10,29.675,0.0588052,1,6.03645134,53,14733.76,-1184745985.0,6.09375,0.718,43.28442589816319,61.18784963423173,10.98028709786796,4.143137338738516,2.650234882440848,7.952385823347541,2.5853283219059
32353,20080717014533700.VIKR.4-10.fb1,VIKR,65.0747,-16.5135,2008-07-17 01:45:33.700,2008,199.073,65.022,-16.6829,9.90813,2.0,-12345,-12345,177.596,13.9,15.40192,10.1397,0.08625,0.000937,-26.0,5.75,0.0,anginc_corr,ass_5_15,Apr,comment,50,ACl,4.0,10,23.596,0.0588052,1,19.6636448,30,2114.96,-1216258985.0,7.71361,0.718,43.14055282320825,69.92279685615297,10.737199068389424,4.0393457730242845,2.6581529959863803,2.135003442181471,2.617890543918296
32354,20080704132518160.VIKR.4-10.fb1,VIKR,65.0747,-16.5135,2008-07-04 13:25:18.160,2008,186.559,65.0212,-16.6638,9.26314,2.9,-12345,-12345,104.777,13.9,15.444104,9.25913,0.09,0.000937,40.0,4.25,0.0,anginc_corr,ass_5_15,Apr,comment,50,ACl,4.0,10,64.777,0.0588052,1,16.3297253,32,1528.305,-1215177985.0,6.94444,0.718,36.82692842584333,63.7437053124724,10.5486065005063,3.700464379927925,2.8506169543812114,2.4317676215758866,3.50958674033818
32355,20070728010418860.VIKR.1-8.fb1,VIKR,65.0747,-16.5135,2007-07-28 01:04:18.860,2007,209.044,65.0705,-16.4981,0.86448,4.0,-12345,-12345,60.668,13.9,15.423799,8.0883,0.09375,0.002812,34.0,6.25,0.0,anginc_corr,ass_5_15,Apr,comment,50,ACl,1.0,8,26.668,0.0588052,1,5.68014669,55,60917.85,-1185584985.0,6.19507,0.718,9.088726833609163,164.35183228688638,4.094215844487119,1.5840088988918124,2.5847177041438787,5.91335341642889,4.0
32356,20080718042309720.VIKR.3-8.fb1,VIKR,65.0747,-16.5135,2008-07-18 04:23:09.720,2008,200.183,65.0229,-16.6723,9.44872,1.9,-12345,-12345,151.799,14.3,15.365549,4.43463,0.11625,0.00375,-86.0,8.0,0.0,anginc_corr,ass_5_15,Apr,comment,50,ACl,3.0,8,57.799,0.0588052,1,5.22936678,26,3252.94,-1216354985.0,7.4168,0.718,43.53740447740276,65.95510069988711,10.263460697320037,3.897057056005969,2.6336439394702857,2.9823569125724703,2.5285820044555
32357,20070810170743960.VIKR.1-8.fb1,VIKR,65.0747,-16.5135,2007-08-10 17:07:43.960,2007,222.714,65.0131,-16.6659,9.93969,1.8,-12345,-12345,179.744,13.9,15.4167,8.2399,0.09,0.001875,43.0,5.25,0.0,anginc_corr,ass_5_15,Apr,comment,50,ACl,1.0,8,43.256,0.0588052,1,8.40956879,39,71357.47,-1186765985.0,5.1642,0.718,43.3894153421926,61.39099624189479,10.78664197376988,4.080530995391552,2.643440764437776,2.2053271326498702,2.5616150117945766
32358,20070811054007080.VIKR.1-8.fb1,VIKR,65.0747,-16.5135,2007-08-11 05:40:07.080,2007,223.236,65.014,-16.6701,10.0172,1.7,-12345,-12345,171.516,14.099999,15.491865,8.589,0.08625,0.00375,34.0,7.5,0.0,anginc_corr,ass_5_16,Apr,comment,50,ACl,1.0,8,42.484,0.0588052,1,5.07896185,34,186066.6,-1186810985.0,4.80769,0.718,43.44023412283252,57.76506230740662,10.884681455034322,4.1267729651961655,2.637576999469589,2.089782596985401,2.5502578099919235
32359,20080730144944040.VIKR.4-10.fb1,VIKR,65.0747,-16.5135,2008-07-30 14:49:44.040,2008,212.618,65.0149,-16.6214,8.38743,2.0,-12345,-12345,123.476,13.9,15.439913,3.59384,0.15,0.015937,-21.0,5.75,0.0,anginc_corr,ass_5_16,Apr,comment,50,ACl,4.0,10,35.524,0.0588052,1,5.00883484,37,24806.23,-1217428985.0,7.80762,0.718,44.01822324483868,72.64463436925973,9.146382843825304,3.5196735011045472,2.5986452552928494,4.259825578299115,2.438212275532363
32360,20080812041016780.VIKR.3-8.fb1,VIKR,65.0747,-16.5135,2008-08-12 04:10:16.780,2008,225.174,65.0212,-16.6702,9.49432,1.8,-12345,-12345,115.501,14.099999,15.449751,6.19937,0.11625,0.00375,46.0,5.0,0.0,anginc_corr,ass_5_15,Apr,comment,50,ACl,3.0,8,69.501,0.0588052,1,8.44180393,37,4308.881,-1218513985.0,6.63504,0.718,43.60338707455764,61.808054065812165,10.322332433321996,3.928054333318149,2.6278486898123945,2.958832715050619,2.5138831495455785
32361,20070721013656000.VIKR.3-8.fb1,VIKR,65.0747,-16.5135,2007-07-21 01:36:56.000,2007,202.067,65.0194,-16.6808,10.01,2.3,-12345,-12345,75.263,14.7,15.343224,3.85707,0.14625,0.002812,10.0,4.5,0.0,anginc_corr,ass_5_16,Apr,comment,50,ACl,3.0,8,65.263,0.0588052,1,11.6568537,25,2014.335,-1184981985.0,5.3791,0.718,36.83822142775051,58.25803739250771,11.446945750341287,4.021824944992341,2.8462068605432767,3.635207539586816,3.5039959825559093
32362,20070725075019860.VIKR.4-10.fb1,VIKR,65.0747,-16.5135,2007-07-25 07:50:19.860,2007,206.327,65.0893,-16.53,1.8013,2.7,-12345,-12345,107.005,13.9,15.437492,10.6373,0.09375,0.001875,47.0,4.5,0.0,anginc_corr,ass_5_15,Apr,comment,50,ACl,4.0,10,60.005,0.0588052,1,6.9208746,46,8409.727,-1185349985.0,7.26041,0.718,27.29449730432952,137.53588027908395,3.256650691011921,1.3705710329559964,2.376126893611708,6.8322321800678765,2.7
32363,20070725072311160.VIKR.1-8.fb1,VIKR,65.0747,-16.5135,2007-07-25 07:23:11.160,2007,206.308,65.0794,-16.5045,0.673197,3.0,-12345,-12345,87.541,13.9,15.404241,3.71526,0.09,0.001875,33.0,6.0,0.0,anginc_corr,ass_5_16,Apr,comment,50,ACl,1.0,8,54.541,0.0588052,1,4.80126715,48,58292.52,-1185347985.0,6.52985,0.718,10.269151596500432,164.40322034296838,3.075740251862792,1.2755990853145007,2.411212337224641,7.046749524002394,3.0
32364,20070704153405200.VIKR.4-10.fb1,VIKR,65.0747,-16.5135,2007-07-04 15:34:05.200,2007,185.649,65.0104,-16.6998,11.3376,2.5,-12345,-12345,1.079,14.5,15.320206,3.80153,0.09375,0.000937,48.0,4.0,0.0,anginc_corr,ass_5_15,Apr,comment,50,ACl,4.0,10,46.921,0.0588052,1,19.1407528,36,417.8795,-1183562985.0,6.1553,0.718,36.73936846740414,60.037886366639086,12.725720485466612,4.3803263340197,2.9051991826802053,2.140006459556787,3.5529625038177546
32365,20080825022651580.VIKR.4-10.fb1,VIKR,65.0747,-16.5135,2008-08-25 02:26:51.580,2008,238.102,65.022,-16.6702,9.43175,2.0,-12345,-12345,167.016,14.7,15.507895,4.72999,0.17625,0.002812,44.0,6.0,0.0,anginc_corr,ass_5_15,Apr,comment,50,ACl,4.0,10,56.984,0.0588052,1,3.74353075,36,6182.262,-1219630985.0,6.33413,0.718,43.41825455916083,70.7480208504513,10.238959428517544,3.878071169684855,2.640219578370862,4.542440681328941,2.555165628407627
32366,20080820004511060.VIKR.3-8.fb1,VIKR,65.0747,-16.5135,2008-08-20 00:45:11.060,2008,233.031,65.0212,-16.668,9.4168,2.0,-12345,-12345,77.101,14.5,15.351142,5.28522,0.09,0.000937,24.0,5.75,0.0,anginc_corr,ass_5_15,Apr,comment,50,ACl,3.0,8,53.101,0.0588052,1,18.4191952,25,5252.445,-1219192985.0,6.83035,0.718,43.43133930144276,70.78764844159053,10.213659230839708,3.869795163012739,2.6393281299385625,2.3253900909836034,2.552243720640666
32367,20070810180522380.VIKR.1-8.fb1,VIKR,65.0747,-16.5135,2007-08-10 18:05:22.380,2007,222.754,65.0417,-16.7275,10.7274,1.0,-12345,-12345,129.35,14.5,15.612316,3.503,0.15375,0.006563,13.0,7.5,0.0,anginc_corr,ass_5_15,Apr,comment,50,ACl,1.0,8,63.65,0.0588052,1,4.92770815,26,63743.88,-1186768985.0,4.97855,0.718,43.52878947413759,48.63484336517501,11.827288859446403,4.5617754401558255,2.592694229385916,3.369441643853577,2.5305023454102136
32368,20080803231004380.VIKR.1-8.fb1,VIKR,65.0747,-16.5135,2008-08-03 23:10:04.380,2008,216.965,65.0167,-16.6659,9.6673,2.3,-12345,-12345,66.818,14.5,15.563862,4.31529,0.18375,0.004687,0.0,5.0,0.0,anginc_corr,ass_5_15,Apr,comment,50,ACl,1.0,8,66.818,0.0588052,1,6.30201769,32,53240.23,-1217804985.0,5.17394,0.718,36.84464053249696,58.27189067927382,11.104787189977207,3.919921046906641,2.832910932923105,4.6850221623373045,3.5008184833336964
32369,20070822212754120.VIKR.1-8.fb1,VIKR,65.0747,-16.5135,2007-08-22 21:27:54.120,2007,234.894,65.0229,-16.6829,9.84916,2.2,-12345,-12345,58.671,14.3,15.317483,7.17839,0.0825,0.000937,14.0,3.25,0.0,anginc_corr,ass_5_15,Apr,comment,50,ACl,1.0,8,44.671,0.0588052,1,20.1973763,46,284205.6,-1187817985.0,6.94444,0.718,36.84431177845852,57.307379915803374,11.31915141477203,3.994083643087032,2.833979562336718,2.065334869138269,3.500981212272568
32370,20070725072340220.VIKR.1-8.fb1,VIKR,65.0747,-16.5135,2007-07-25 07:23:40.220,2007,206.308,65.083,-16.5002,1.11427,1.9,-12345,-12345,106.084,14.5,15.411199,3.76258,0.0975,0.002812,51.0,6.75,0.0,anginc_corr,ass_5_15,Apr,comment,50,ACl,1.0,8,55.084,0.0588052,1,4.82394171,45,106854.4,-1185347985.0,7.02055,0.718,27.28204261755057,142.5770588742509,2.2039228159672803,1.0003046135778717,2.2032516755914267,9.723989920520282,1.9
32371,20080710002107440.VIKR.4-10.fb1,VIKR,65.0747,-16.5135,2008-07-10 00:21:07.440,2008,192.014,65.0149,-16.685,10.4794,2.3,-12345,-12345,74.233,14.5,15.458415,6.1501,0.18375,0.00375,5.0,3.75,0.0,anginc_corr,ass_5_16,Apr,comment,50,ACl,4.0,10,69.233,0.0588052,1,11.567791,30,1668.98,-1215648985.0,5.36932,0.718,36.82163383314239,58.22225881296661,11.916435998926248,4.161331092592426,2.8636116025804013,4.413504096948628,3.512208186308338
32372,20080801113815440.VIKR.2-6.fb1,VIKR,65.0747,-16.5135,2008-08-01 11:38:15.440,2008,214.485,65.0319,-16.702,10.081,1.6,-12345,-12345,80.384,13.9,15.502513,3.3876,0.08625,0.004687,19.0,8.5,0.0,anginc_corr,ass_5_16,Apr,comment,50,ACl,2.0,6,61.384,0.0588052,1,3.84082341,37,35413.3,-1217590985.0,5.80357,0.718,43.48555034270074,54.457527439800415,10.973765449767306,4.171653963757176,2.6305550616388724,2.067304370915224,2.540144774965684
32373,20080708083954760.VIKR.2-6.fb1,VIKR,65.0747,-16.5135,2008-07-08 08:39:54.760,2008,190.361,65.0462,-16.7552,11.8129,1.2,-12345,-12345,148.126,14.3,15.482879,6.4903,0.15,0.005625,34.0,5.0,0.0,anginc_corr,ass_5_15,Apr,comment,50,ACl,2.0,6,65.874,0.0588052,1,9.1907711,24,11793.28,-1215505985.0,5.07061,0.718,36.82063361372986,41.593442944253695,13.655271650969024,4.84649726740984,2.8175548024742705,3.09427793189343,3.512703432900489
32374,20070811052741180.VIKR.1-8.fb1,VIKR,65.0747,-16.5135,2007-08-11 05:27:41.180,2007,223.227,65.0149,-16.668,9.87585,1.9,-12345,-12345,2.396,14.7,15.40192,3.24532,0.09,0.002812,45.0,6.5,0.0,anginc_corr,ass_5_15,Apr,comment,50,ACl,1.0,8,42.604,0.0588052,1,9.86932945,19,5347.996,-1186809985.0,7.71361,0.718,43.31591949331271,65.43695655513196,10.703935237551631,4.040784359265498,2.6489746261780995,2.2270141862733794,2.5782107559902023
32375,20070712001514560.VIKR.1-8.fb1,VIKR,65.0747,-16.5135,2007-07-12 00:15:14.560,2007,193.011,65.0167,-16.6786,10.1208,2.4,-12345,-12345,0.382,14.3,15.459931,3.22121,0.23625,0.00375,-59.0,9.5,0.0,anginc_corr,ass_5_15,Apr,comment,50,ACl,1.0,8,59.382,0.0588052,1,4.40204,32,82228.95,-1184198985.0,6.94444,0.718,36.82961548188128,59.22901202192651,11.52862566992044,4.03613191169694,2.856355025590176,5.84837143697996,3.5082564010204305
32376,20070718235909780.VIKR.4-10.fb1,VIKR,65.0747,-16.5135,2007-07-18 23:59:09.780,2007,199.999,65.022,-16.6829,9.90813,2.2,-12345,-12345,10.83,14.3,15.406007,6.31894,0.105,0.001875,56.0,5.5,0.0,anginc_corr,ass_5_15,Apr,comment,50,ACl,4.0,10,45.17,0.0588052,1,13.2770786,25,1747.147,-1184802985.0,6.27297,0.718,36.84347969418431,57.305649708943776,11.37839138167445,4.011737040846676,2.83627547514257,2.6168720153108893,3.5013930862055425
32377,20080708162304680.VIKR.1-8.fb1,VIKR,65.0747,-16.5135,2008-07-08 16:23:04.680,2008,190.683,65.031,-16.5365,4.99321,3.2,-12345,-12345,51.218,13.9,15.40648,7.11858,0.09375,0.00375,-5.0,7.75,0.0,anginc_corr,ass_5_15,Apr,comment,50,ACl,1.0,8,56.218,0.0588052,1,3.26476717,39,2769445.0,-1215533985.0,7.40132,0.718,38.82428823201189,99.76930126605124,6.062044803874326,2.359578596006727,2.569121797482623,3.971600300266687,3.2
32378,20080815063412600.VIKR.1-8.fb1,VIKR,65.0747,-16.5135,2008-08-15 06:34:12.600,2008,228.274,65.1306,-16.5149,6.22511,4.0,-12345,-12345,123.086,13.9,15.507647,6.65129,0.11625,0.006563,58.0,7.0,0.0,anginc_corr,ass_5_15,Apr,comment,50,ACl,1.0,8,65.086,0.0588052,1,3.75691795,43,114740.5,-1218781985.0,6.34615,0.718,34.94280150887125,102.0384907667712,7.630840978394961,2.761631236537088,2.763164349184997,4.207605504137746,4.0
32379,20070822233400720.VIKR.4-10.fb1,VIKR,65.0747,-16.5135,2007-08-22 23:34:00.720,2007,234.982,65.1467,-16.5384,8.11066,4.1,-12345,-12345,8.005,14.099999,15.484441,7.93188,0.02625,0.001875,31.0,4.25,0.0,anginc_corr,ass_5_16,Apr,comment,50,ACl,4.0,10,22.995,0.0588052,1,9.20470905,40,28120.89,-1187825985.0,7.02582,0.718,35.49683376504001,94.21635436233296,9.458955971527343,3.304562374309,2.86239292835417,0.7943437873080939,4.1
32380,20080826000643300.VIKR.3-8.fb1,VIKR,65.0747,-16.5135,2008-08-26 00:06:43.300,2008,239.005,65.0194,-16.6659,9.46893,2.4,-12345,-12345,31.783,14.7,15.465402,3.12641,0.09375,0.002812,-14.0,9.75,0.0,anginc_corr,ass_5_15,Apr,comment,50,ACl,3.0,8,45.783,0.0588052,1,4.41923857,30,6930.617,-1219708985.0,7.3125,0.718,36.84501266146175,59.26355494518024,10.878180588630867,3.842532257007321,2.830992653033217,2.439434374237237,3.500634285219141
32381,20080714151413220.VIKR.2-6.fb1,VIKR,65.0747,-16.5135,2008-07-14 15:14:13.220,2008,196.635,65.0148,-16.7168,11.6748,0.9,-12345,-12345,160.525,14.3,15.641218,3.56399,0.20625,0.008437,46.0,9.25,0.0,anginc_corr,ass_5_15,Apr,comment,50,ACl,2.0,6,65.475,0.0588052,1,4.66859102,23,15340.73,-1216048985.0,3.95275,0.718,36.83561856418524,40.34103234901708,13.655991803308382,4.909519241918245,2.781533410992951,4.199170418102938,3.5052844932004703
32382,20070705104145380.VIKR.4-10.fb1,VIKR,65.0747,-16.5135,2007-07-05 10:41:45.380,2007,186.446,65.1306,-16.5064,6.23295,4.0,-12345,-12345,117.235,13.9,15.381005,7.33883,0.0975,0.005625,60.0,7.5,0.0,anginc_corr,ass_5_15,Apr,comment,50,ACl,4.0,10,57.235,0.0588052,1,3.59481311,43,673.4039,-1183631985.0,6.93222,0.718,34.950141254217314,101.98913601729778,7.638741352522651,2.764063334006046,2.7635912891516767,3.526318976481946,4.0
32383,20080710063039020.VIKR.4-10.fb1,VIKR,65.0747,-16.5135,2008-07-10 06:30:39.020,2008,192.271,65.0615,-16.5003,1.60122,3.7,-12345,-12345,102.247,13.9,15.378145,9.83456,0.02625,0.00375,-56.0,4.75,0.0,anginc_corr,ass_5_15,Apr,comment,50,ACl,4.0,10,21.753,0.0588052,1,6.25831223,35,8776.99,-1215670985.0,7.61472,0.718,17.598326983835896,149.40192824406157,4.038710351974074,1.587131665283037,2.5446599298072985,1.653813962910533,3.7
32384,20080703085524940.VIKR.3-8.fb1,VIKR,65.0747,-16.5135,2008-07-03 08:55:24.940,2008,185.372,65.0409,-16.5131,3.77554,2.7,-12345,-12345,128.386,14.7,15.283713,4.53098,0.03,0.002812,18.0,4.0,0.0,anginc_corr,ass_5_15,Apr,comment,50,ACl,3.0,8,69.614,0.0588052,1,20.9773006,20,18316.66,-1215074985.0,6.23225,0.718,40.0412389306344,108.70796840265052,4.711278679913431,1.928522459372561,2.442947271376985,1.5555009570562106,2.7
32385,20070728181455340.VIKR.1-8.fb1,VIKR,65.0747,-16.5135,2007-07-28 18:14:55.340,2007,209.76,65.0328,-16.6999,9.94556,1.9,-12345,-12345,176.37,13.9,15.440502,4.66816,0.1575,0.004687,47.0,8.5,0.0,anginc_corr,ass_5_15,Apr,comment,50,ACl,1.0,8,50.63,0.0588052,1,2.65915442,35,335899.6,-1185645985.0,5.07812,0.718,43.27420116247298,65.34029559306872,10.777428062368417,4.064544282484662,2.651571077429659,3.8735196420532247,2.587639909177057
32386,20080722001941000.VIKR.1-8.fb1,VIKR,65.0747,-16.5135,2008-07-22 00:19:41.000,2008,204.013,65.0203,-16.6723,9.63498,1.9,-12345,-12345,139.581,14.7,15.440406,4.63723,0.12375,0.004687,28.0,6.25,0.0,anginc_corr,ass_5_15,Apr,comment,50,ACl,1.0,8,68.419,0.0588052,1,9.17950249,21,132340.1,-1216685985.0,6.23225,0.718,43.44812195526685,65.74521000167451,10.450997163806129,3.9586439725677978,2.6400447315364475,3.125307113153042,2.548496969906184
32387,20070810170423200.VIKR.1-8.fb1,VIKR,65.0747,-16.5135,2007-08-10 17:04:23.200,2007,222.711,65.0131,-16.668,10.0122,1.9,-12345,-12345,174.746,13.9,15.470798,9.77137,0.08625,0.002812,38.0,7.0,0.0,anginc_corr,ass_5_16,Apr,comment,50,ACl,1.0,8,43.254,0.0588052,1,5.50246477,33,174568.2,-1186764985.0,4.80769,0.718,43.23265960532665,65.24433037163675,10.848172206414397,4.087361129166437,2.6540772551278664,2.1099285843320104,2.59703553321554
32388,20080806090017420.VIKR.1-8.fb1,VIKR,65.0747,-16.5135,2008-08-06 09:00:17.420,2008,219.375,65.0588,-16.4939,2.00059,3.2,-12345,-12345,150.344,13.9,15.403934,8.25037,0.09375,0.00375,15.0,7.0,0.0,anginc_corr,ass_5_15,Apr,comment,50,ACl,1.0,8,44.656,0.0588052,1,3.44970155,44,213555.8,-1218012985.0,6.3101,0.718,24.806562980282383,138.7371540607686,3.785424807717632,1.5365666287385054,2.463560471064896,6.095597363184879,3.2
32389,20080711042414820.VIKR.3-8.fb1,VIKR,65.0747,-16.5135,2008-07-11 04:24:14.820,2008,193.183,65.0292,-16.6872,9.62502,2.0,-12345,-12345,57.403,14.7,15.360824,5.87374,0.075,0.000937,12.0,1.5,0.0,anginc_corr,ass_5_15,Apr,comment,50,ACl,3.0,8,45.403,0.0588052,1,51.1403999,15,709.2227,-1215749985.0,3.95275,0.718,43.315616091635285,70.43956378376029,10.438238964213843,3.942814258820045,2.64740824168006,1.902022563294281,2.57827930730915
32390,20070717220043100.VIKR.0.2-3.fb1,VIKR,65.0747,-16.5135,2007-07-17 22:00:43.100,2007,198.917,65.0212,-16.6702,9.49432,2.1,-12345,-12345,77.153,13.9,15.690593,5.72296,0.0825,0.009375,19.0,8.0,0.0,anginc_corr,ass_5_15,Apr,comment,50,ACl,0.2,3,58.153,0.0588052,1,3.89255047,39,18228470.0,-1184709985.0,3.58953,0.718,43.220763202209085,71.9658743435899,10.296636841394196,3.885601399456705,2.649946760579688,2.122984210275547,2.599727371659136
32391,20080818230447080.VIKR.0.5-5.fb1,VIKR,65.0747,-16.5135,2008-08-18 23:04:47.080,2008,231.962,65.031,-16.6914,9.69345,1.8,-12345,-12345,76.306,13.9,15.502543,4.84401,0.06,0.006563,19.0,7.0,0.0,anginc_corr,ass_5_15,Apr,comment,50,ACl,0.5,5,57.306,0.0588052,1,3.7221384,47,2031207.0,-1219100985.0,3.92442,0.718,43.51913898478287,61.64334944839114,10.528829773955945,3.996322375087032,2.6346297384796555,1.50129577985183,2.532653828769007
32392,20070802030839540.VIKR.3-8.fb1,VIKR,65.0747,-16.5135,2007-08-02 03:08:39.540,2007,214.131,65.0131,-16.6723,10.1585,2.0,-12345,-12345,168.141,14.7,15.333639,3.37786,0.105,0.000937,33.0,3.5,0.0,anginc_corr,ass_5_15,Apr,comment,50,ACl,3.0,8,44.859,0.0588052,1,29.0882778,16,6960.105,-1186023985.0,4.5379,0.718,42.98204982576748,69.46444190597306,11.00000656253174,4.123303484598198,2.66776544671527,2.546089164812315,2.6541750176277032
32393,20080810103812080.VIKR.3-8.fb1,VIKR,65.0747,-16.5135,2008-08-10 10:38:12.080,2008,223.443,65.014,-16.6701,10.0172,2.1,-12345,-12345,34.371,14.099999,15.334679,6.1512,0.0825,0.001875,-10.0,7.25,0.0,anginc_corr,ass_5_15,Apr,comment,50,ACl,3.0,8,44.371,0.0588052,1,10.5058498,25,15760.99,-1218364985.0,6.8662,0.718,36.844188328250695,56.36798668119416,11.511384421608469,4.062076659085665,2.833866858681976,2.030771477389237,3.5010423186876247
32394,20070716093106900.VIKR.4-10.fb1,VIKR,65.0747,-16.5135,2007-07-16 09:31:06.900,2007,197.397,65.0802,-16.7958,13.2928,3.1,-12345,-12345,73.573,14.7,15.309929,3.14072,0.09,0.000937,22.0,5.5,0.0,anginc_corr,ass_5_16,Apr,comment,50,ACl,4.0,10,51.573,0.0588052,1,6.55616617,29,4733.422,-1184577985.0,6.5625,0.718,36.2680472536876,65.64936675656357,14.589715258873117,4.863896314968279,2.999594217083608,1.8502100332497664,3.787295229761861
32395,20070725083807020.VIKR.1-8.fb1,VIKR,65.0747,-16.5135,2007-07-25 08:38:07.020,2007,206.36,65.0785,-16.5024,0.672812,2.3,-12345,-12345,99.846,13.9,15.466269,7.78998,0.09375,0.000937,40.0,3.25,0.0,anginc_corr,ass_5_15,Apr,comment,50,ACl,1.0,8,59.846,0.0588052,1,10.8670588,59,32576.81,-1185352985.0,7.26041,0.718,14.059198723220634,159.8444947988091,2.3968278547923854,1.0489654251887366,2.284944572278093,8.919601225801799,2.3
32396,20080806162638980.VIKR.1-8.fb1,VIKR,65.0747,-16.5135,2008-08-06 16:26:38.980,2008,219.685,65.0606,-16.4982,1.733,3.5,-12345,-12345,153.217,13.9,15.490986,8.21743,0.09375,0.00375,16.0,7.75,0.0,anginc_corr,ass_5_15,Apr,comment,50,ACl,1.0,8,42.783,0.0588052,1,3.09960818,41,425760.2,-1218039985.0,6.3101,0.718,20.064434480035526,145.1025902536039,3.913623623693288,1.5581987070648111,2.5116332120859,6.011127548931938,3.5
32397,20080710095011000.VIKR.4-10.fb1,VIKR,65.0747,-16.5135,2008-07-10 09:50:11.000,2008,192.41,65.0212,-16.6829,9.96775,2.0,-12345,-12345,104.752,14.3,15.413752,4.54719,0.11625,0.002812,49.0,8.5,0.0,anginc_corr,ass_5_16,Apr,comment,50,ACl,4.0,10,55.752,0.0588052,1,4.44146204,27,1177.995,-1215682985.0,7.80762,0.718,43.108458841171085,69.82927913392074,10.79380691337452,4.057421310855174,2.660262784270617,2.8645325127925503,2.6251990894573627
32398,20070728201837260.VIKR.2-6.fb1,VIKR,65.0747,-16.5135,2007-07-28 20:18:37.260,2007,209.846,65.0346,-16.7042,10.0317,1.7,-12345,-12345,175.575,14.5,15.434013,3.71176,0.1575,0.005625,51.0,5.75,0.0,anginc_corr,ass_5_16,Apr,comment,50,ACl,2.0,6,55.425,0.0588052,1,6.2102809,23,4413.111,-1185653985.0,4.01526,0.718,43.43109375483506,57.749757853189394,10.902047315556947,4.132432048926727,2.6381673519322404,3.8099318521602754,2.552298546974856
32399,20080706202348420.VIKR.1-8.fb1,VIKR,65.0747,-16.5135,2008-07-06 20:23:48.420,2008,188.85,65.0194,-16.6723,9.69833,2.0,-12345,-12345,165.518,13.9,15.444887,17.4099,0.10125,0.001875,32.0,6.5,0.0,anginc_corr,ass_5_15,Apr,comment,50,ACl,1.0,8,46.482,0.0588052,1,9.70238209,26,3027253.0,-1215375985.0,4.65495,0.718,43.27483623997653,70.3181563109969,10.511320115138782,3.966496554689889,2.6500262814322766,2.552214795778696,2.587496320843605
32400,20080717003822020.VIKR.4-10.fb1,VIKR,65.0747,-16.5135,2008-07-17 00:38:22.020,2008,199.026,65.031,-16.7233,11.0158,0.9,-12345,-12345,35.821,13.9,15.375951,4.04723,0.08625,0.017812,-4.0,8.75,0.0,anginc_corr,ass_5_15,Apr,comment,50,ACl,4.0,10,39.821,0.0588052,1,4.80758095,35,1647.343,-1216254985.0,7.51827,0.718,43.43554382895616,47.93390063627562,12.164249602772788,4.6914488608555125,2.5928556323546,1.8382959267697168,2.551304956477937
32401,20080811223009960.VIKR.0.5-5.fb1,VIKR,65.0747,-16.5135,2008-08-11 22:30:09.960,2008,224.938,65.031,-16.6935,9.77999,1.9,-12345,-12345,80.002,14.099999,15.388864,5.321,0.07125,0.005625,22.0,7.75,0.0,anginc_corr,ass_5_15,Apr,comment,50,ACl,0.5,5,58.002,0.0588052,1,5.50018263,32,61888170.0,-1218493985.0,3.95275,0.718,43.37019585632163,65.56315106260239,10.603126473063227,4.00811661463571,2.645413667443138,1.777502477190751,2.565952930614777
32402,20070725072414880.VIKR.4-10.fb1,VIKR,65.0747,-16.5135,2007-07-25 07:24:14.880,2007,206.308,65.0821,-16.4981,1.09597,2.9,-12345,-12345,89.724,13.9,15.423103,4.71471,0.09,0.000937,31.0,4.0,0.0,anginc_corr,ass_5_15,Apr,comment,50,ACl,4.0,10,58.724,0.0588052,1,9.07769299,44,3237.064,-1185347985.0,7.26041,0.718,16.836355282925137,154.31907118491884,3.103787859744851,1.2939498956672706,2.3986924610742166,6.94705504131683,2.9000000000000004
32403,20070803154216500.VIKR.0.2-3.fb1,VIKR,65.0747,-16.5135,2007-08-03 15:42:16.500,2007,215.654,65.0131,-16.6723,10.1585,1.9,-12345,-12345,166.54,14.099999,15.461197,8.81069,0.08625,0.001875,35.0,3.0,0.0,anginc_corr,ass_5_16,Apr,comment,50,ACl,0.2,3,48.46,0.0588052,1,19.0608501,50,19302960.0,-1186155985.0,3.66982,0.718,43.13658235234868,65.02345787820046,11.004563273506331,4.13760552914345,2.659645342214257,2.084312578099912,2.618790253523977
32404,20070715135320440.VIKR.0.5-5.fb1,VIKR,65.0747,-16.5135,2007-07-15 13:53:20.440,2007,196.579,65.0319,-16.7041,10.1691,1.6,-12345,-12345,78.91,13.9,15.360824,7.68427,0.07875,0.001875,26.0,4.0,0.0,anginc_corr,ass_5_15,Apr,comment,50,ACl,0.5,5,52.91,0.0588052,1,16.710474,27,3360702.0,-1184507985.0,3.95275,0.718,43.43915277053508,54.38908591238433,11.064830586210633,4.201368408387517,2.63362540740799,1.8742246973346253,2.550499223540779
32405,20070718203247600.VIKR.4-10.fb1,VIKR,65.0747,-16.5135,2007-07-18 20:32:47.600,2007,199.856,65.022,-16.6808,9.82778,2.3,-12345,-12345,164.638,14.3,15.416396,5.13458,0.10125,0.002812,45.0,5.25,0.0,anginc_corr,ass_5_15,Apr,comment,50,ACl,4.0,10,60.362,0.0588052,1,17.6019707,31,34862.88,-1184790985.0,5.17394,0.718,36.84213061271409,58.26647343021504,11.270618689120017,3.969333130407071,2.8394237316040463,2.5503915183321624,3.5020608784388187
32406,20070810055218540.VIKR.4-10.fb1,VIKR,65.0747,-16.5135,2007-08-10 05:52:18.540,2007,222.244,65.0489,-16.4918,3.05172,2.6,-12345,-12345,133.504,13.9,15.333714,7.05706,0.02625,0.000937,15.0,4.5,0.0,anginc_corr,ass_5_15,Apr,comment,50,ACl,4.0,10,61.496,0.0588052,1,14.0728092,39,2274.078,-1186724985.0,6.92121,0.718,38.19324959942447,115.45475253461572,4.052778990231855,1.6910648216516693,2.3965840565907404,1.552182895613896,2.6
32407,20070824184332680.VIKR.4-10.fb1,VIKR,65.0747,-16.5135,2007-08-24 18:43:32.680,2007,236.78,65.022,-16.6808,9.82778,2.2,-12345,-12345,145.751,13.9,15.510468,12.7824,0.09375,0.001875,29.0,4.75,0.0,anginc_corr,ass_5_15,Apr,comment,50,ACl,4.0,10,63.249,0.0588052,1,15.5826168,40,8654.228,-1187980985.0,6.21501,0.718,36.84455934834282,57.30789471601859,11.299202411309956,3.9881376630262,2.833202704125344,2.350396605925198,3.5008586683605705
32408,20080703132340380.VIKR.4-10.fb1,VIKR,65.0747,-16.5135,2008-07-03 13:23:40.380,2008,185.558,65.0391,-16.5195,3.98516,2.9,-12345,-12345,93.765,14.3,15.527457,5.04772,0.02625,0.001875,-63.0,4.75,0.0,anginc_corr,ass_5_15,Apr,comment,50,ACl,4.0,10,23.235,0.0588052,1,8.46148205,37,51389.65,-1215090985.0,6.23225,0.718,38.97395204932261,109.76921841050222,5.003638576720596,2.0171332833553963,2.480569141369431,1.301296693705467,2.9000000000000004
32409,20080813091542480.VIKR.1-8.fb1,VIKR,65.0747,-16.5135,2008-08-13 09:15:42.480,2008,226.386,65.0212,-16.668,9.4168,1.9,-12345,-12345,164.555,14.099999,15.533998,3.50504,0.06375,0.006563,10.0,7.0,0.0,anginc_corr,ass_5_16,Apr,comment,50,ACl,1.0,8,25.445,0.0588052,1,3.51115417,41,47250.2,-1218618985.0,4.80769,0.718,43.555076817721954,65.99681343913507,10.222167346904207,3.883423203523358,2.632256854630169,1.6414823303264825,2.524643582093236
32410,20080731190722860.VIKR.3-8.fb1,VIKR,65.0747,-16.5135,2008-07-31 19:07:22.860,2008,213.797,65.022,-16.6787,9.74783,2.1,-12345,-12345,107.517,14.099999,15.446455,7.72153,0.09,0.002812,44.0,8.0,0.0,anginc_corr,ass_5_15,Apr,comment,50,ACl,3.0,8,63.517,0.0588052,1,12.2012796,28,6934.219,-1217530985.0,7.61719,0.718,43.06270799587477,71.45559097435599,10.570501194786026,3.973763310121136,2.660073177449463,2.2645652094013258,2.635679367238004
32411,20070718203228340.VIKR.1-8.fb1,VIKR,65.0747,-16.5135,2007-07-18 20:32:28.340,2007,199.856,65.022,-16.6744,9.58901,1.9,-12345,-12345,165.309,13.9,15.460855,12.2036,0.09375,0.000937,45.0,4.5,0.0,anginc_corr,ass_5_15,Apr,comment,50,ACl,1.0,8,59.691,0.0588052,1,13.1043081,48,1136333.0,-1184790985.0,6.09375,0.718,43.46949538928141,65.79532836577668,10.408558757122568,3.944752261131691,2.638583634181505,2.376239615976772,2.5437268259824
32412,20070715170553220.VIKR.1-8.fb1,VIKR,65.0747,-16.5135,2007-07-15 17:05:53.220,2007,196.712,65.0167,-16.6786,10.1208,2.2,-12345,-12345,86.618,13.9,15.476898,4.33612,0.18,0.005625,22.0,5.25,0.0,anginc_corr,ass_5_15,Apr,comment,50,ACl,1.0,8,64.618,0.0588052,1,5.37160969,38,37911.25,-1184518985.0,6.1553,0.718,36.839462851270255,57.297298106618136,11.584310127666376,4.07305714145565,2.84413150254168,4.417129298979461,3.503381448916308
32413,20080702081417920.VIKR.3-8.fb1,VIKR,65.0747,-16.5135,2008-07-02 08:14:17.920,2008,184.343,65.0328,-16.7063,10.2113,1.3,-12345,-12345,141.736,14.099999,15.422163,4.619,0.12,0.002812,75.0,4.25,0.0,anginc_corr,ass_5_15,Apr,comment,50,ACl,3.0,8,66.736,0.0588052,1,5.58194923,49,6631.609,-1214985985.0,4.64327,0.718,43.59827331980668,50.35715502879248,11.197299793841394,4.298085050490502,2.605183392674732,2.7913971663238613,2.5150217581078227
32414,20070710071425980.VIKR.1-8.fb1,VIKR,65.0747,-16.5135,2007-07-10 07:14:25.980,2007,191.302,65.0149,-16.6701,9.94978,2.4,-12345,-12345,149.936,13.9,15.448251,6.93338,0.08625,0.001875,33.0,3.75,0.0,anginc_corr,ass_5_16,Apr,comment,50,ACl,1.0,8,63.064,0.0588052,1,14.2855034,43,50494.97,-1184051985.0,4.84913,0.718,36.83531687606572,59.24179959013696,11.358323822236802,3.9855098316385686,2.849904855853043,2.16383618852376,3.505433842455425
32415,20080730175720580.VIKR.4-10.fb1,VIKR,65.0747,-16.5135,2008-07-30 17:57:20.580,2008,212.748,65.04,-16.7169,10.3324,3.1,-12345,-12345,82.737,14.7,15.452876,5.5421,0.09,0.002812,-28.0,5.5,0.0,anginc_corr,ass_5_16,Apr,comment,50,ACl,4.0,10,69.263,0.0588052,1,12.0667257,20,3892.777,-1217440985.0,7.8125,0.718,36.723293067457824,67.05451681773405,11.579319433838243,3.9895812896455474,2.902389647728422,2.2555888997843,3.5609313746322284
32416,20070809104153860.VIKR.1-8.fb1,VIKR,65.0747,-16.5135,2007-08-09 10:41:53.860,2007,221.446,65.0471,-16.7318,10.7283,1.7,-12345,-12345,171.503,14.3,15.468133,3.60499,0.1425,0.004687,48.0,8.5,0.0,anginc_corr,ass_5_16,Apr,comment,50,ACl,1.0,8,56.497,0.0588052,1,3.91823125,38,229179.3,-1186655985.0,4.88281,0.718,36.84100193744056,47.52830322146493,12.356977769458837,4.366029042750365,2.830255513296952,3.2629666189023965,3.5026195791614763
32417,20070803201540380.VIKR.4-10.fb1,VIKR,65.0747,-16.5135,2007-08-03 20:15:40.380,2007,215.844,65.0677,-16.8169,14.2991,3.7,-12345,-12345,11.412,14.3,15.437295,3.02797,0.09,0.001875,50.0,8.0,0.0,anginc_corr,ass_5_15,Apr,comment,50,ACl,4.0,10,38.588,0.0588052,1,5.09604311,42,462.7349,-1186171985.0,8.10429,0.718,35.14550919191359,75.73172671686847,15.69933121994073,5.099930774876976,3.0783420232443137,1.7645924612068598,4.296697170478778
32418,20080723112116300.VIKR.4-10.fb1,VIKR,65.0747,-16.5135,2008-07-23 11:21:16.300,2008,205.473,65.0059,-16.704,11.8118,3.4,-12345,-12345,104.14,14.099999,15.43147,4.5108,0.10875,0.00375,47.0,5.75,0.0,anginc_corr,ass_5_15,Apr,comment,50,ACl,4.0,10,57.14,0.0588052,1,6.45842838,37,1832.047,-1216811985.0,6.96791,0.718,36.38769557365027,76.01802772669981,13.046450744554656,4.397110570682281,2.9670508700740483,2.472836952956925,3.727673178512239
32419,20080806140522980.VIKR.4-10.fb1,VIKR,65.0747,-16.5135,2008-08-06 14:05:22.980,2008,219.587,65.0624,-16.5024,1.47112,3.2,-12345,-12345,0.486,13.9,15.282063,10.6892,0.0825,0.01875,24.0,4.5,0.0,anginc_corr,ass_5_15,Apr,comment,50,ACl,4.0,10,23.514,0.0588052,1,12.7966108,43,5764.763,-1218030985.0,6.3101,0.718,19.39765745050804,148.52847871328453,3.526617447141855,1.4371768522868793,2.4538507154009577,5.73569962720768,3.2
32420,20080808132915340.VIKR.4-10.fb1,VIKR,65.0747,-16.5135,2008-08-08 13:29:15.340,2008,221.562,65.0893,-16.7108,9.41923,2.6,-12345,-12345,120.949,14.5,15.379543,3.14608,0.02625,0.001875,-34.0,4.5,0.0,anginc_corr,ass_5_15,Apr,comment,50,ACl,4.0,10,25.051,0.0588052,1,13.7787685,30,5871.21,-1218201985.0,7.02055,0.718,36.8399447368997,61.11222410055942,10.780593698079414,3.794946881189239,2.8407759148136096,0.6917010129200207,3.503142906961324
32421,20070725075707460.VIKR.4-10.fb1,VIKR,65.0747,-16.5135,2007-07-25 07:57:07.460,2007,206.331,65.0767,-16.5024,0.568222,2.1,-12345,-12345,176.219,13.9,15.264828,20.7846,0.02625,0.000937,40.0,5.5,0.0,anginc_corr,ass_5_15,Apr,comment,50,ACl,4.0,10,43.781,0.0588052,1,10.4920721,56,12651.2,-1185349985.0,7.26041,0.718,13.349676183506972,161.30081528172286,2.1755010397539456,0.969763138134511,2.243332370767214,2.706350898789367,2.1
32422,20070811000036660.VIKR.1-8.fb1,VIKR,65.0747,-16.5135,2007-08-11 00:00:36.660,2007,223.0,65.0185,-16.6829,10.1505,2.0,-12345,-12345,85.175,13.9,15.492954,7.98702,0.09,0.00375,23.0,6.5,0.0,anginc_corr,ass_5_15,Apr,comment,50,ACl,1.0,8,62.175,0.0588052,1,5.24590921,44,348515.5,-1186789985.0,6.8662,0.718,42.98947001631154,69.48570675225245,10.988403299609663,4.119605157759809,2.6673438057313787,2.1844147752290155,2.652472485921895
32423,20080806091005440.VIKR.1-8.fb1,VIKR,65.0747,-16.5135,2008-08-06 09:10:05.440,2008,219.382,65.0597,-16.4961,1.86618,3.3,-12345,-12345,145.319,13.9,15.337596,6.60565,0.10125,0.0075,24.0,7.5,0.0,anginc_corr,ass_5_16,Apr,comment,50,ACl,1.0,8,58.681,0.0588052,1,3.58386755,50,164658.0,-1218013985.0,7.20545,0.718,22.749251009126432,141.66971051412392,3.8000785477526544,1.5334074728798894,2.478192271109606,6.595760236881532,3.3
32424,20080825072133520.VIKR.3-8.fb1,VIKR,65.0747,-16.5135,2008-08-25 07:21:33.520,2008,238.306,65.0373,-16.6702,8.47766,3.9,-12345,-12345,148.493,14.099999,15.49359,3.64379,0.15,0.005625,35.0,7.0,0.0,anginc_corr,ass_5_15,Apr,comment,50,ACl,3.0,8,66.507,0.0588052,1,4.22913218,23,2597.942,-1219648985.0,6.83035,0.718,36.031328526327904,91.35391913532604,9.74730855655712,3.4043381221567657,2.86320224572225,4.404006369221492,3.9
32425,20080725053418600.VIKR.4-10.fb1,VIKR,65.0747,-16.5135,2008-07-25 05:34:18.600,2008,207.232,65.1413,-16.4957,7.47001,4.7,-12345,-12345,142.896,13.9,15.409202,10.6865,0.08625,0.005625,32.0,8.5,0.0,anginc_corr,ass_5_16,Apr,comment,50,ACl,4.0,10,69.104,0.0588052,1,7.11946011,33,1775.603,-1216963985.0,7.22656,0.718,33.36145331965374,102.4863259741421,9.092613303232309,3.149150516770798,2.887322550894156,2.738320417475393,4.7
32426,20080806032105800.VIKR.4-10.fb1,VIKR,65.0747,-16.5135,2008-08-06 03:21:05.800,2008,219.139,65.0229,-16.6787,9.68789,2.0,-12345,-12345,139.735,13.9,15.413634,4.18433,0.09,0.023438,19.0,8.5,0.0,anginc_corr,ass_5_16,Apr,comment,50,ACl,4.0,10,59.265,0.0588052,1,7.67447805,29,884.9795,-1217992985.0,7.8125,0.718,43.27729770821399,70.3254663495199,10.5069811821435,3.9650919798564974,2.649870730747528,2.269516353518952,2.5869398074609595
32427,20080719180225440.VIKR.3-8.fb1,VIKR,65.0747,-16.5135,2008-07-19 18:02:25.440,2008,201.752,65.0203,-16.6383,8.45361,2.0,-12345,-12345,53.028,14.3,15.584929,3.83576,0.18,0.002812,-4.0,5.0,0.0,anginc_corr,ass_5_15,Apr,comment,50,ACl,3.0,8,57.028,0.0588052,1,7.35968351,36,15017.41,-1216489985.0,5.17394,0.718,43.95509814477908,72.43670277847922,9.2121591680467,3.540758217502681,2.6017475925097457,5.080376657445385,2.449168561835732
32428,20070721033035320.VIKR.1-8.fb1,VIKR,65.0747,-16.5135,2007-07-21 03:30:35.320,2007,202.146,65.0212,-16.6744,9.65053,2.0,-12345,-12345,51.363,14.5,15.258034,7.67024,0.075,0.000937,5.0,2.0,0.0,anginc_corr,ass_5_15,Apr,comment,50,ACl,1.0,8,46.363,0.0588052,1,43.7351799,24,40116.34,-1184988985.0,7.71361,0.718,43.303894173822975,70.40460030195523,10.45952102317986,3.94971615940974,2.648170299088775,1.898699488425848,2.580928048198401
32429,20080723110625620.VIKR.1-8.fb1,VIKR,65.0747,-16.5135,2008-07-23 11:06:25.620,2008,205.463,65.022,-16.6829,9.90813,2.0,-12345,-12345,88.801,14.5,15.372091,4.60991,0.0975,0.002812,27.0,4.5,0.0,anginc_corr,ass_5_15,Apr,comment,50,ACl,1.0,8,61.801,0.0588052,1,10.4389639,28,122350.3,-1216810985.0,4.2387,0.718,43.14055282320825,69.92279685615297,10.737199068389424,4.0393457730242845,2.6581529959863803,2.4134057392615205,2.617890543918296
32430,20070717050129100.VIKR.4-10.fb1,VIKR,65.0747,-16.5135,2007-07-17 05:01:29.100,2007,198.209,65.0203,-16.6659,9.404,2.4,-12345,-12345,82.294,13.9,15.481909,3.8301,0.18,0.023438,15.0,8.5,0.0,anginc_corr,ass_5_16,Apr,comment,50,ACl,4.0,10,67.294,0.0588052,1,7.10628939,34,726.2649,-1184647985.0,7.17905,0.718,36.845596124024574,59.264864470694256,10.8131067687978,3.823127567699355,2.828340560789816,4.70558085243411,3.500345482028335
32431,20080819014120740.VIKR.1-8.fb1,VIKR,65.0747,-16.5135,2008-08-19 01:41:20.740,2008,232.07,65.0149,-16.6659,9.80238,2.2,-12345,-12345,52.658,13.9,15.45188,6.93374,0.1125,0.004687,-7.0,5.75,0.0,anginc_corr,ass_5_15,Apr,comment,50,ACl,1.0,8,59.658,0.0588052,1,6.82977104,29,141870.8,-1219109985.0,7.49198,0.718,36.84490372475533,57.30861082627087,11.268917454808564,3.9791098032831385,2.832019725997672,2.8267007702311275,3.5006882071206658
32432,20080704182607960.VIKR.0.5-5.fb1,VIKR,65.0747,-16.5135,2008-07-04 18:26:07.960,2008,186.768,65.0158,-16.668,9.80852,2.5,-12345,-12345,74.568,13.9,15.685632,5.13779,0.07875,0.0075,10.0,7.75,0.0,anginc_corr,ass_5_16,Apr,comment,50,ACl,0.5,5,64.568,0.0588052,1,4.21576786,38,7746376.0,-1215195985.0,4.43182,0.718,36.834356069780085,60.25923769574968,11.191211582156216,3.926264315894216,2.850345947635823,2.005521664399623,3.5059094889189035
32433,20070810075058320.VIKR.4-10.fb1,VIKR,65.0747,-16.5135,2007-08-10 07:50:58.320,2007,222.327,65.0498,-16.494,2.92458,2.9,-12345,-12345,148.46,13.9,15.333714,7.7787,0.02625,0.000937,25.0,6.0,0.0,anginc_corr,ass_5_15,Apr,comment,50,ACl,4.0,10,56.54,0.0588052,1,13.1939545,43,5436.714,-1186731985.0,6.92121,0.718,34.489928834605,122.08702842444242,4.153279027407539,1.7020496456078418,2.4401632691062343,1.5421664886872577,2.9000000000000004
32434,20080803031916880.VIKR.3-8.fb1,VIKR,65.0747,-16.5135,2008-08-03 03:19:16.880,2008,216.138,65.0427,-16.5789,4.71785,3.1,-12345,-12345,160.716,13.9,15.450579,4.01791,0.11625,0.002812,33.0,7.25,0.0,anginc_corr,ass_5_15,Apr,comment,50,ACl,3.0,8,52.284,0.0588052,1,6.63272762,30,3708.815,-1217733985.0,6.58893,0.718,39.1697491439752,103.41176511689105,5.752428450138967,2.265410459145981,2.539243352971686,5.12814670260866,3.1
32435,20070730234957820.VIKR.4-10.fb1,VIKR,65.0747,-16.5135,2007-07-30 23:49:57.820,2007,211.993,65.0274,-16.6871,9.73198,2.0,-12345,-12345,42.325,13.9,15.322187,4.34198,0.08625,0.000937,11.0,5.75,0.0,anginc_corr,ass_5_16,Apr,comment,50,ACl,4.0,10,31.325,0.0588052,1,11.8804989,37,1069.838,-1185838985.0,8.48278,0.718,43.25434816449881,70.2574004986322,10.547113472572429,3.97807603118416,2.651310178562086,2.167878783593835,2.5921293434328456
32436,20070714203235600.VIKR.3-8.fb1,VIKR,65.0747,-16.5135,2007-07-14 20:32:35.600,2007,195.856,65.022,-16.6787,9.74783,2.0,-12345,-12345,179.681,14.5,15.443444,6.8277,0.10125,0.00375,52.0,9.0,0.0,anginc_corr,ass_5_15,Apr,comment,50,ACl,3.0,8,52.319,0.0588052,1,9.98351192,18,3832.747,-1184444985.0,6.09375,0.718,43.24086242936306,70.21749624944367,10.570377201062175,3.985594959257237,2.6521453657779848,2.539988899151524,2.5951797591439947
32437,20080709045217600.VIKR.4-10.fb1,VIKR,65.0747,-16.5135,2008-07-09 04:52:17.600,2008,191.203,65.0937,-16.7937,13.3483,2.1,-12345,-12345,73.02,14.099999,15.573676,6.289,0.09,0.002812,9.0,6.0,0.0,anginc_corr,ass_5_16,Apr,comment,50,ACl,4.0,10,64.02,0.0588052,1,6.51565027,41,2061.812,-1215578985.0,5.35714,0.718,36.57472494127408,55.83020533572772,14.86477430826406,5.049750306703962,2.9436652122244222,1.7821248300236905,3.6346581883708833
32438,20070729053425980.VIKR.4-10.fb1,VIKR,65.0747,-16.5135,2007-07-29 05:34:25.980,2007,210.232,65.0256,-16.6744,9.34924,2.3,-12345,-12345,107.338,13.9,15.38158,6.18348,0.05625,0.002812,44.0,6.5,0.0,anginc_corr,ass_5_15,Apr,comment,50,ACl,4.0,10,63.338,0.0588052,1,8.37730789,37,1622.371,-1185686985.0,6.89921,0.718,42.89748728600564,74.90695310966328,10.155226263658106,3.81728492162752,2.6603270314253544,1.4734804444174188,2.673592047069824
32439,20080824065538500.VIKR.4-10.fb1,VIKR,65.0747,-16.5135,2008-08-24 06:55:38.500,2008,237.288,65.0203,-16.6702,9.55755,2.2,-12345,-12345,163.197,13.9,15.413816,7.33978,0.02625,0.001875,50.0,4.25,0.0,anginc_corr,ass_5_15,Apr,comment,50,ACl,4.0,10,66.803,0.0588052,1,10.8175573,42,5166.849,-1219560985.0,6.8662,0.718,42.98862363543343,73.12892528948203,10.365996252879938,3.896442983297573,2.660374166211245,0.6736837231699155,2.652666674092888
32440,20080704153848680.VIKR.2-6.fb1,VIKR,65.0747,-16.5135,2008-07-04 15:38:48.680,2008,186.652,65.022,-16.6871,10.0698,4.1,-12345,-12345,125.939,14.099999,16.063612,4.3788,0.21,0.00625,-89.0,7.5,0.0,anginc_corr,ass_5_16,Apr,comment,50,ACl,2.0,6,34.939,0.0588052,1,9.76607227,34,3626.822,-1215185985.0,2.24185,0.718,35.571012283348686,87.5730735845443,11.391340948112166,3.866768540342788,2.94595883597996,5.426892745068557,4.115510365204037
32441,20080720000319000.VIKR.4-10.fb1,VIKR,65.0747,-16.5135,2008-07-20 00:03:19.000,2008,202.002,65.0229,-16.685,9.9303,2.0,-12345,-12345,74.277,13.9,15.493737,5.17008,0.105,0.00375,31.0,9.0,0.0,anginc_corr,ass_5_15,Apr,comment,50,ACl,4.0,10,43.277,0.0588052,1,3.43062568,34,4022.889,-1216511985.0,6.82218,0.718,43.12689876785181,69.88296576877669,10.759171430563145,4.046403435416131,2.658946791215512,2.594460295716772,2.620984800970352
32442,20070725072538020.VIKR.1-8.fb1,VIKR,65.0747,-16.5135,2007-07-25 07:25:38.020,2007,206.309,65.0767,-16.5002,0.661288,2.2,-12345,-12345,111.509,13.9,15.427026,6.61027,0.0975,0.001875,55.0,4.5,0.0,anginc_corr,ass_5_15,Apr,comment,50,ACl,1.0,8,56.509,0.0588052,1,7.66355085,59,35541.17,-1185347985.0,7.02055,0.718,14.642414109933291,159.22022182044714,2.298410407712596,1.014881726806304,2.264707647210659,9.584965468951978,2.2
32443,20080806085908720.VIKR.4-10.fb1,VIKR,65.0747,-16.5135,2008-08-06 08:59:08.720,2008,219.374,65.0615,-16.4961,1.689,3.6,-12345,-12345,103.533,13.9,15.321515,7.73068,0.15375,0.0225,39.0,7.25,0.0,anginc_corr,ass_5_15,Apr,comment,50,ACl,4.0,10,64.533,0.0588052,1,3.97975755,36,7721.969,-1218012985.0,7.3125,0.718,18.99893616685421,146.9422546148849,3.98390675679038,1.5754235615326715,2.5287845466235024,9.736152513912444,3.6
32444,20070801194911280.VIKR.0.5-5.fb1,VIKR,65.0747,-16.5135,2007-08-01 19:49:11.280,2007,213.826,65.014,-16.6829,10.4669,1.8,-12345,-12345,5.186,14.7,15.372222,18.0715,0.10125,0.0,56.0,3.75,0.0,anginc_corr,ass_5_15,Apr,comment,50,ACl,0.5,5,50.814,0.0588052,1,113.278488,20,31980160.0,-1185997985.0,3.75,0.718,43.064797207823815,60.7659453389912,11.34378005405809,4.259532645630144,2.66315133555689,2.376685667549338,2.635200614913966
32445,20070726220900200.VIKR.1-8.fb1,VIKR,65.0747,-16.5135,2007-07-26 22:09:00.200,2007,207.923,65.0767,-16.5002,0.661288,2.2,-12345,-12345,108.152,14.099999,15.35116,8.77267,0.09375,0.001875,54.0,5.5,0.0,anginc_corr,ass_5_15,Apr,comment,50,ACl,1.0,8,54.152,0.0588052,1,7.36994696,53,1673504.0,-1185487985.0,7.26041,0.718,14.642414109933291,159.22022182044714,2.298410407712596,1.014881726806304,2.264707647210659,9.217906830463107,2.2
32446,20080712200050360.VIKR.1-8.fb1,VIKR,65.0747,-16.5135,2008-07-12 20:00:50.360,2008,194.834,65.0194,-16.668,9.54499,2.2,-12345,-12345,86.235,14.7,15.396622,3.93198,0.08625,0.004687,22.0,8.0,0.0,anginc_corr,ass_5_15,Apr,comment,50,ACl,1.0,8,64.235,0.0588052,1,7.06926155,22,54450.79,-1215892985.0,6.94444,0.718,42.99804588938621,73.16228509574783,10.350230307599626,3.8913777064264585,2.659785579412305,2.216166517688123,2.650505043720432
32447,20070801011036320.VIKR.1-8.fb1,VIKR,65.0747,-16.5135,2007-08-01 01:10:36.320,2007,213.049,65.0149,-16.6701,9.94978,2.8,-12345,-12345,83.533,13.9,15.654615,5.13432,0.1125,0.005625,17.0,5.5,0.0,anginc_corr,ass_5_15,Apr,comment,50,ACl,1.0,8,66.533,0.0588052,1,4.38799953,44,730142.4,-1185930985.0,4.62472,0.718,36.80283952640329,62.76667099940177,11.258882030931042,3.919496643644041,2.872532637370348,2.869675603315613,3.5215150425642863
32448,20080805123320920.VIKR.1-8.fb1,VIKR,65.0747,-16.5135,2008-08-05 12:33:20.920,2008,218.523,65.0749,-16.4811,1.52216,4.4,-12345,-12345,84.299,14.3,15.332785,3.57915,0.09,0.0,27.0,2.5,0.0,anginc_corr,ass_5_15,Apr,comment,50,ACl,1.0,8,57.299,0.0588052,1,14.2992182,48,32596.12,-1217939985.0,7.51827,0.718,13.754589117281164,155.45005962919973,4.6638031076762445,1.7577105140224836,2.653339711215147,5.116945437750076,4.4
32449,20080802085218460.VIKR.4-10.fb1,VIKR,65.0747,-16.5135,2008-08-02 08:52:18.460,2008,215.369,65.0229,-16.6723,9.44872,2.1,-12345,-12345,149.408,14.099999,15.409965,7.32782,0.09,0.001875,32.0,7.0,0.0,anginc_corr,ass_5_16,Apr,comment,50,ACl,4.0,10,62.592,0.0588052,1,10.3885918,34,2500.816,-1217666985.0,7.17905,0.718,43.24484740640485,72.04474225488974,10.254337950796335,3.871896650778909,2.648401771967098,2.3241283169042504,2.5942783040555115
32450,20080710073416460.VIKR.4-10.fb1,VIKR,65.0747,-16.5135,2008-07-10 07:34:16.460,2008,192.315,65.0588,-16.4982,1.91664,3.9,-12345,-12345,107.86,13.9,15.291813,10.0963,0.15375,0.004687,38.0,5.25,0.0,anginc_corr,ass_5_15,Apr,comment,50,ACl,4.0,10,69.86,0.0588052,1,3.79390669,58,15668.82,-1215674985.0,7.61472,0.718,19.25878626903255,145.90469977146364,4.357169544673282,1.686459140163364,2.5836199887126896,9.097869284107318,3.9
32451,20080801150502720.VIKR.1-8.fb1,VIKR,65.0747,-16.5135,2008-08-01 15:05:02.720,2008,214.628,65.0651,-16.7255,10.0359,2.4,-12345,-12345,108.725,13.9,15.404014,7.66203,0.11625,0.001875,48.0,5.5,0.0,anginc_corr,ass_5_16,Apr,comment,50,ACl,1.0,8,60.725,0.0588052,1,6.16365099,46,1204078.0,-1217602985.0,6.54151,0.718,36.8326254157988,59.23576247715653,11.443113345748888,4.010719703496935,2.8531321537557632,2.897873769720149,3.5067662630054857
32452,20070822002606560.VIKR.1-8.fb1,VIKR,65.0747,-16.5135,2007-08-22 00:26:06.560,2007,234.018,65.022,-16.685,9.98879,2.0,-12345,-12345,99.572,13.9,15.453192,7.22069,0.05625,0.00375,32.0,4.5,0.0,anginc_corr,ass_5_15,Apr,comment,50,ACl,1.0,8,67.572,0.0588052,1,7.94291067,53,506461.2,-1187741985.0,5.5563,0.718,43.09227557468508,69.78226191349796,10.8217577225096,4.066362110662692,2.661287270539216,1.3832341498272172,2.628905342178941
32453,20080717022557760.VIKR.4-10.fb1,VIKR,65.0747,-16.5135,2008-07-17 02:25:57.760,2008,199.101,65.0194,-16.668,9.54499,2.0,-12345,-12345,50.436,14.7,15.451626,6.12324,0.10125,0.005625,19.0,5.75,0.0,anginc_corr,ass_5_16,Apr,comment,50,ACl,4.0,10,31.436,0.0588052,1,8.53636265,19,3088.923,-1216261985.0,8.27206,0.718,43.36336631113424,70.58254527037334,10.348571968283592,3.9136952571525088,2.644194626388186,2.5866363512065504,2.5674947187906607
32454,20080709021050120.VIKR.1-8.fb1,VIKR,65.0747,-16.5135,2008-07-09 02:10:50.120,2008,191.091,65.0149,-16.6638,9.72939,2.1,-12345,-12345,162.52,13.9,15.489815,5.77173,0.0825,0.001875,29.0,5.5,0.0,anginc_corr,ass_5_15,Apr,comment,50,ACl,1.0,8,46.48,0.0588052,1,7.33341408,37,44702.91,-1215568985.0,6.36661,0.718,43.077289764408754,71.50215374761777,10.545711031767215,3.965806457424604,2.659159276929416,2.080058045886801,2.6323382298147564
32455,20080806083623520.VIKR.1-8.fb1,VIKR,65.0747,-16.5135,2008-08-06 08:36:23.520,2008,219.358,65.0597,-16.4961,1.86618,3.2,-12345,-12345,158.632,13.9,15.282063,9.85121,0.09,0.0,23.0,3.0,0.0,anginc_corr,ass_5_15,Apr,comment,50,ACl,1.0,8,44.368,0.0588052,1,11.6447172,72,69839.5,-1218011985.0,6.3101,0.718,23.518761858394434,141.1503319152044,3.713082173090118,1.5089046306911107,2.4607798912973355,5.959296130960468,3.2
32456,20070720223949100.VIKR.4-10.fb1,VIKR,65.0747,-16.5135,2007-07-20 22:39:49.100,2007,201.944,65.005,-16.7295,12.8083,2.8,-12345,-12345,104.074,14.5,15.490336,4.24074,0.3,0.019687,-8.0,7.5,0.0,anginc_corr,ass_5_15,Apr,comment,50,ACl,4.0,10,67.926,0.0588052,1,4.79491472,25,2383.378,-1184970985.0,7.23684,0.718,36.47353217032214,61.92169944346754,14.149429170752327,4.766127170342191,2.9687477201193624,6.2881964471230845,3.6849563392922047
32457,20080806132239000.VIKR.1-8.fb1,VIKR,65.0747,-16.5135,2008-08-06 13:22:39.000,2008,219.557,65.0588,-16.4961,1.95645,3.2,-12345,-12345,173.151,13.9,15.282063,20.132,0.08625,0.0,22.0,1.75,0.0,anginc_corr,ass_5_15,Apr,comment,50,ACl,1.0,8,28.849,0.0588052,1,36.3261566,55,346613.1,-1218028985.0,6.3101,0.718,24.383775780667754,139.53620372840336,3.7608104993343416,1.527165244336674,2.462608753886259,5.64322246520419,3.2
32458,20080819230310440.VIKR.4-10.fb1,VIKR,65.0747,-16.5135,2008-08-19 23:03:10.440,2008,232.96,65.0247,-16.6787,9.56998,1.7,-12345,-12345,93.549,14.7,15.35855,6.1293,0.06,0.001875,29.0,4.25,0.0,anginc_corr,ass_5_16,Apr,comment,50,ACl,4.0,10,64.549,0.0588052,1,24.5466747,26,1247.535,-1219186985.0,6.43939,0.718,43.63231613990363,58.087655186058726,10.427878141633007,3.976100180187998,2.6226396894104305,1.5089304085563526,2.5074437400581564
32459,20080817114028180.VIKR.1-8.fb1,VIKR,65.0747,-16.5135,2008-08-17 11:40:28.180,2008,230.486,65.0212,-16.6765,9.72933,1.9,-12345,-12345,118.463,13.9,15.345735,5.01707,0.09,0.002812,54.0,7.75,0.0,anginc_corr,ass_5_15,Apr,comment,50,ACl,1.0,8,64.463,0.0588052,1,7.37542391,37,698138.5,-1218972985.0,7.61719,0.718,43.39743309433453,65.62666691207457,10.547243054235013,3.9900576927711295,2.643381090289413,2.2553196564757627,2.559816498358641
32460,20070818002246940.VIKR.4-10.fb1,VIKR,65.0747,-16.5135,2007-08-18 00:22:46.940,2007,230.016,65.0131,-16.6447,9.24343,1.7,-12345,-12345,158.396,14.3,15.380794,4.85181,0.23625,0.001875,-77.0,6.75,0.0,anginc_corr,ass_5_15,Apr,comment,50,ACl,4.0,10,55.396,0.0588052,1,4.56953526,31,1779.584,-1187396985.0,6.94444,0.718,43.80811172287044,58.38455929892606,10.084468969613436,3.863381330530752,2.6102701511548774,6.109403399459978,2.4749484332127976
32461,20070720091845020.VIKR.1-8.fb1,VIKR,65.0747,-16.5135,2007-07-20 09:18:45.020,2007,201.388,65.0158,-16.6595,9.51546,2.6,-12345,-12345,161.686,13.9,15.377703,3.34277,0.0225,0.002812,5.0,6.0,0.0,anginc_corr,ass_5_15,Apr,comment,50,ACl,1.0,8,23.314,0.0588052,1,6.52651882,36,10598.3,-1184922985.0,7.40132,0.718,36.83766412625155,61.10670728894833,10.87276756695688,3.822381603948952,2.8445008095801008,0.5886331463273109,3.504271863059512
32462,20070725072833320.VIKR.1-8.fb1,VIKR,65.0747,-16.5135,2007-07-25 07:28:33.320,2007,206.311,65.0776,-16.4981,0.791556,2.4,-12345,-12345,97.508,13.9,15.394326,4.15152,0.09375,0.002812,42.0,6.5,0.0,anginc_corr,ass_5_15,Apr,comment,50,ACl,1.0,8,55.508,0.0588052,1,4.38357639,51,197937.7,-1185347985.0,7.26041,0.718,15.590313154439162,157.34199626614975,2.528623418857437,1.096783063331283,2.30549094291919,8.532168579997546,2.4000000000000004
32463,20070715064929740.VIKR.4-10.fb1,VIKR,65.0747,-16.5135,2007-07-15 06:49:29.740,2007,196.284,65.0131,-16.668,10.0122,2.1,-12345,-12345,156.583,14.7,15.279412,4.97743,0.02625,0.0,24.0,4.25,0.0,anginc_corr,ass_5_16,Apr,comment,50,ACl,4.0,10,47.417,0.0588052,1,126.965004,15,238.8364,-1184481985.0,6.43939,0.718,36.844237923866814,56.368086183599885,11.507609475963864,4.060951633000148,2.833722367548189,0.6463934608177624,3.501017769423428
32464,20070721073807020.VIKR.4-10.fb1,VIKR,65.0747,-16.5135,2007-07-21 07:38:07.020,2007,202.318,65.0274,-16.4983,5.32464,4.0,-12345,-12345,115.075,14.099999,15.461183,8.56018,0.02625,0.001875,-39.0,4.25,0.0,anginc_corr,ass_5_15,Apr,comment,50,ACl,4.0,10,25.925,0.0588052,1,13.1466217,50,2841.529,-1185003985.0,7.68394,0.718,33.83426520003194,108.05761824728832,6.812529896590706,2.5059613539988925,2.718529511925473,1.047473454457304,4.0
32465,20080806131705180.VIKR.1-8.fb1,VIKR,65.0747,-16.5135,2008-08-06 13:17:05.180,2008,219.553,65.0597,-16.4982,1.82438,3.1,-12345,-12345,165.598,13.9,15.525806,6.72307,0.08625,0.00375,21.0,6.75,0.0,anginc_corr,ass_5_15,Apr,comment,50,ACl,1.0,8,35.402,0.0588052,1,2.61954331,61,114540.1,-1218028985.0,6.3101,0.718,23.90727623053698,141.382501095437,3.6052651254895385,1.4757303380234534,2.443037886121062,5.839581129997384,3.1
32466,20080806112919140.VIKR.1-8.fb1,VIKR,65.0747,-16.5135,2008-08-06 11:29:19.140,2008,219.478,65.0606,-16.4982,1.733,3.7,-12345,-12345,3.893,14.5,15.316883,7.01509,0.0825,0.004687,25.0,5.25,0.0,anginc_corr,ass_5_15,Apr,comment,50,ACl,1.0,8,21.107,0.0588052,1,8.82599735,24,34127.04,-1218021985.0,6.3101,0.718,18.814136371712834,147.11542536593677,4.094345357476851,1.607535153478098,2.5469709627302626,5.128705807685918,3.7
32467,20070810094139680.VIKR.4-10.fb1,VIKR,65.0747,-16.5135,2007-08-10 09:41:39.680,2007,222.404,65.0498,-16.4961,2.89466,2.9,-12345,-12345,150.13,13.9,15.343987,11.5964,0.02625,0.000937,32.0,4.0,0.0,anginc_corr,ass_5_16,Apr,comment,50,ACl,4.0,10,61.87,0.0588052,1,19.7462635,40,4098.74,-1186738985.0,5.87859,0.718,34.3156926142335,122.48969056729504,4.131491089905627,1.6937977781890248,2.4391879261542875,1.5496787367936804,2.9000000000000004
32468,20080806092943900.VIKR.1-8.fb1,VIKR,65.0747,-16.5135,2008-08-06 09:29:43.900,2008,219.395,65.0597,-16.4982,1.82438,3.9,-12345,-12345,154.836,13.9,15.525806,3.83672,0.09375,0.00375,25.0,7.75,0.0,anginc_corr,ass_5_15,Apr,comment,50,ACl,1.0,8,50.164,0.0588052,1,2.77975988,55,24106.42,-1218014985.0,6.3101,0.718,18.48797654735565,147.388748397787,4.315791858699464,1.6715955176786328,2.581839812954789,5.604010879784482,3.9
32469,20070720001358960.VIKR.4-10.fb1,VIKR,65.0747,-16.5135,2007-07-20 00:13:58.960,2007,201.01,65.0203,-16.668,9.48058,0.8,-12345,-12345,98.191,14.7,15.481909,4.70878,0.15375,0.01875,29.0,4.75,0.0,anginc_corr,ass_5_16,Apr,comment,50,ACl,4.0,10,69.191,0.0588052,1,11.8966856,25,2135.916,-1184889985.0,7.17905,0.718,44.78042813635878,48.898703838154745,10.54053306005652,4.192345577949664,2.514232871330121,3.6661657341454656,2.308320511045772
32470,20080806134219120.VIKR.1-8.fb1,VIKR,65.0747,-16.5135,2008-08-06 13:42:19.120,2008,219.571,65.0597,-16.4961,1.86618,3.2,-12345,-12345,158.71,13.9,15.525806,5.34548,0.09,0.00375,19.0,7.5,0.0,anginc_corr,ass_5_15,Apr,comment,50,ACl,1.0,8,40.29,0.0588052,1,2.5398097,53,62504.0,-1218029985.0,6.3101,0.718,23.518761858394434,141.1503319152044,3.713082173090118,1.5089046306911107,2.4607798912973355,5.959296130960468,3.2
32471,20070707180829300.VIKR.1-8.fb1,VIKR,65.0747,-16.5135,2007-07-07 18:08:29.300,2007,188.756,65.0283,-16.6957,10.0184,1.2,-12345,-12345,133.908,14.3,15.517784,3.27212,0.04875,0.005625,8.0,7.75,0.0,anginc_corr,ass_5_16,Apr,comment,50,ACl,1.0,8,54.092,0.0588052,1,3.40332103,40,10689.31,-1183831985.0,6.39205,0.718,43.67156016424129,49.89569851530327,11.036705655188522,4.261726832994748,2.589726204350114,1.1438650871923528,2.498983005195293
32472,20070725073223200.VIKR.1-8.fb1,VIKR,65.0747,-16.5135,2007-07-25 07:32:23.200,2007,206.314,65.0767,-16.5024,0.568222,2.1,-12345,-12345,108.9,13.9,15.394326,6.62336,0.0975,0.001875,53.0,5.0,0.0,anginc_corr,ass_5_15,Apr,comment,50,ACl,1.0,8,55.9,0.0588052,1,6.90132427,65,94679.53,-1185348985.0,7.26041,0.718,13.349676183506972,161.30081528172286,2.1755010397539456,0.969763138134511,2.243332370767214,10.028721857353062,2.1
32473,20080802221027080.VIKR.0.5-5.fb1,VIKR,65.0747,-16.5135,2008-08-02 22:10:27.080,2008,215.924,65.0857,-16.6554,6.78944,4.9,-12345,-12345,106.338,14.7,15.640557,3.31215,0.09,0.0075,42.0,5.25,0.0,anginc_corr,ass_5_15,Apr,comment,50,ACl,0.5,5,64.338,0.0588052,1,14.4883347,19,424303.0,-1217714985.0,3.41797,0.718,32.02787893133193,107.9905856758783,8.568848788916563,2.97753982257514,2.8778284421082074,3.0219395237367053,4.9
32474,20070824103043280.VIKR.4-10.fb1,VIKR,65.0747,-16.5135,2007-08-24 10:30:43.280,2007,236.438,65.0319,-16.6808,9.21246,2.1,-12345,-12345,166.866,13.9,15.426034,8.90323,0.09,0.001875,50.0,5.0,0.0,anginc_corr,ass_5_15,Apr,comment,50,ACl,4.0,10,63.134,0.0588052,1,16.0225754,37,3243.785,-1187950985.0,6.09375,0.718,43.37820172396367,72.48706888701263,10.003271205760084,3.790233885323876,2.639222672905132,2.374189033767493,2.564145805511667
32475,20080701215640880.VIKR.1-8.fb1,VIKR,65.0747,-16.5135,2008-07-01 21:56:40.880,2008,183.914,65.0203,-16.6765,9.79099,2.2,-12345,-12345,75.761,13.9,15.813967,5.82365,0.09375,0.004687,15.0,8.5,0.0,anginc_corr,ass_5_15,Apr,comment,50,ACl,1.0,8,60.761,0.0588052,1,3.65076685,40,3418712.0,-1214948985.0,3.58953,0.718,42.84084081300214,72.61317664757402,10.609671643139794,3.974356744187224,2.6695317823839506,2.3585442471016904,2.6866483894663684
32476,20080704153904660.VIKR.2-6.fb1,VIKR,65.0747,-16.5135,2008-07-04 15:39:04.660,2008,186.652,65.0247,-16.7169,11.0827,4.6,-12345,-12345,163.295,14.5,15.484523,7.03631,0.16,0.00125,21.0,2.25,0.0,anginc_corr,ass_5_15,Apr,comment,50,ACl,2.0,6,37.705,0.0588052,1,86.3077164,21,1820.516,-1215185985.0,3.125,0.718,34.46515632553891,88.46798532607804,12.543809883148988,4.149365015501258,3.023067345554716,3.854579394034374,4.607051318500299
32477,20080724034452620.VIKR.4-10.fb1,VIKR,65.0747,-16.5135,2008-07-24 03:44:52.620,2008,206.156,65.1189,-16.6619,8.54075,3.2,-12345,-12345,67.287,14.099999,15.417785,5.92544,0.26625,0.00375,-43.0,4.0,0.0,anginc_corr,ass_5_15,Apr,comment,50,ACl,4.0,10,69.713,0.0588052,1,7.88081551,26,7619.189,-1216870985.0,5.12972,0.718,36.82780909332656,70.43056450171213,9.772507728000662,3.448352476269344,2.8339642757671943,7.709605312923173,3.5091507239720645
32478,20070824013327820.VIKR.4-10.fb1,VIKR,65.0747,-16.5135,2007-08-24 01:33:27.820,2007,236.065,65.0167,-16.6511,9.15952,1.8,-12345,-12345,177.832,14.099999,15.282946,5.52326,0.0225,0.001875,41.0,9.5,0.0,anginc_corr,ass_5_16,Apr,comment,50,ACl,4.0,10,43.168,0.0588052,1,7.93497896,37,2416.541,-1187918985.0,8.07606,0.718,43.70955146112584,62.0165401630238,9.981433729574272,3.8142489606692846,2.6168805005908253,0.5898881929283561,2.4922906174708404
32479,20070728161344260.VIKR.3-8.fb1,VIKR,65.0747,-16.5135,2007-07-28 16:13:44.260,2007,209.676,65.084,-16.5789,3.24408,3.7,-12345,-12345,90.847,14.7,15.395502,7.53183,0.08625,0.001875,52.0,7.0,0.0,anginc_corr,ass_5_15,Apr,comment,50,ACl,3.0,8,38.847,0.0588052,1,8.92360783,28,6050.788,-1185638985.0,4.73534,0.718,29.385049329057,124.30129835588312,4.966914302884414,1.9200288114285275,2.5868957139184605,4.489856196724418,3.7
