,1event,stat,slat,slon,5cuspid,year,doy_det,evla,evlo,10dist(ev-stat),depthkm,mag,baz,spol,wbeg,wend,20SNR,tlag,Dtlag,fast,Dfast,25anginc,anginc_corr,type_ini,timestamp,comment,30nyquist,gradeABCNR,filt_lo,filt_HI,spol-fast,35bandang,pickgrade,lambdamax,ndf,lambda2_min,40ttime,maxfreq,Elev,anginc_epi,takeoff_ang_epi,path_length_source_to_station_km,traveltime_source_to_station_s,v_avg_source_to_station_kms,SWA_source_to_station,max_ray_depth_km
39823,20140830150910120.DYFE.4-10.fb1,DYFE,65.1055,-16.9223,2014-08-30 15:09:10.120,2014,242.631,65.0328,-16.5641,18.7029,2.0,-12345,-12345,42.827,14.099999,15.424214,3.40667,0.02625,0.002812,-68.0,5.0,0.0,anginc_corr,ass_5_15,Apr,comment,50,ACl,4.0,10,69.173,0.0588052,1,8.53124046,31,55123.51,-1409410985.0,8.98438,0.71,34.675474751028254,51.39438005594527,20.63382297477409,6.626370822165865,3.113895000526068,0.3961428920831622,4.502590242134791
39824,20140903101031440.DYFE.2-6.fb1,DYFE,65.1055,-16.9223,2014-09-03 10:10:31.440,2014,246.424,65.0776,-16.5024,19.9865,0.8,-12345,-12345,144.486,13.9,15.687321,4.50107,0.12,0.005,83.0,7.25,0.0,anginc_corr,ass_5_16,Apr,comment,25,ACl,2.0,6,61.486,0.0588052,1,3.94478583,34,121908.2,-1409738985.0,4.39236,0.71,34.63734078876249,37.44828425264602,22.45650013201985,7.372696470473824,3.045900536113707,1.627519239723085,4.521466590068059
39825,20140904200132440.DYFE.4-10.fb1,DYFE,65.1055,-16.9223,2014-09-04 20:01:32.440,2014,247.834,65.0257,-16.5853,18.1876,1.1,-12345,-12345,90.379,14.7,15.446794,3.09982,0.0975,0.00375,26.0,6.25,0.0,anginc_corr,ass_5_15,Apr,comment,25,ACl,4.0,10,64.379,0.0588052,1,8.89416885,18,4463.45,-1409860985.0,7.68394,0.71,35.36164864033664,39.48342521610296,20.34464592973629,6.754955898442259,3.0118103264638507,1.4433095316405795,4.204021524746045
39826,20131006164549000.DYFE.3-8.fb1,DYFE,65.1055,-16.9223,2013-10-06 16:45:49.000,2013,279.698,65.04,-16.5874,17.366,2.8,-12345,-12345,77.66,14.7,15.444104,3.57313,0.0675,0.001875,33.0,7.0,0.0,anginc_corr,ass_5_15,Apr,comment,25,ACl,3.0,8,44.66,0.0588052,1,15.314332,26,5997.795,-1381077985.0,6.94444,0.71,34.74651694485239,57.77221618498347,19.03160654104373,6.088131331580034,3.126017739191003,1.108680514516891,4.470946482974244
39827,20140807184302300.DYFE.1-5.fb1,DYFE,65.1055,-16.9223,2014-08-07 18:43:02.300,2014,219.78,65.022,-16.6723,15.0013,2.0,-12345,-12345,54.709,14.5,15.442752,3.18126,0.09,0.00125,13.0,4.0,0.0,anginc_corr,ass_5_15,Apr,comment,50,ACl,1.0,5,41.709,0.0588052,1,26.0708046,22,25653.5,-1407436985.0,3.2197,0.71,36.30287702217647,54.41217849427041,16.59518680438189,5.560174341985453,2.9846522399612385,1.6185482710284305,3.7699297350668353
39828,20130817023937900.DYFE.0.5-5.fb1,DYFE,65.1055,-16.9223,2013-08-17 02:39:37.900,2013,229.111,65.0212,-16.6723,15.0637,2.0,-12345,-12345,140.15,14.099999,15.801947,3.01905,0.18,0.00375,5.0,8.0,0.0,anginc_corr,ass_5_16,Apr,comment,50,ACl,0.5,5,44.85,0.0588052,1,7.38197947,34,1296728.0,-1376706985.0,3.32031,0.71,36.29111449915679,54.38980886551831,16.65262645523909,5.57652842396076,2.986199511453664,3.226974314203801,3.775793450232855
39829,20141109222306420.DYFE.0.4-4.fb1,DYFE,65.1055,-16.9223,2014-11-09 22:23:06.420,2014,313.933,65.0229,-16.6702,15.0179,2.0,-12345,-12345,148.443,13.9,15.740259,3.49833,0.225,0.00375,16.0,6.0,0.0,anginc_corr,ass_5_16,Apr,comment,25,ACl,0.4,4,47.557,0.0588052,1,7.73244095,36,24336300.0,-1415571985.0,3.32031,0.71,36.29960289415403,54.40595096493349,16.611234771176957,5.564744725416567,2.985084777619061,4.041660967236993,3.7715618262039294
39830,20140908082955240.DYFE.4-10.fb1,DYFE,65.1055,-16.9223,2014-09-08 08:29:55.240,2014,251.354,65.0848,-16.4938,20.2738,3.1,-12345,-12345,161.792,14.7,15.365549,3.08603,0.0125,0.00125,26.0,7.25,0.0,anginc_corr,ass_5_15,Apr,comment,25,ACl,4.0,10,44.208,0.0588052,1,14.088563,16,2490.41,-1410164985.0,7.9055,0.71,33.691376066152834,58.68214350139273,22.09947818601293,6.844360799629463,3.228859324191288,0.1826319497467921,5.005078755741806
39831,20140829102541180.DYFE.2-3.fb1,DYFE,65.1055,-16.9223,2014-08-29 10:25:41.180,2014,241.434,65.023,-16.6214,16.8903,1.8,-12345,-12345,12.981,14.3,15.511053,3.34033,0.245,0.005,62.0,6.0,0.0,anginc_corr,ass_5_15,Apr,comment,50,ACl,2.0,3,49.019,0.0588052,1,8.16811562,29,1434.046,-1409307985.0,2.60417,0.71,35.92185144761097,48.56983486759704,18.617010264366183,6.156911739887135,3.0237578596030783,3.9776936930053353,3.962083146708348
39832,20140827194351320.DYFE.4-10.fb1,DYFE,65.1055,-16.9223,2014-08-27 19:43:51.320,2014,239.822,65.0194,-16.5132,21.5187,-0.8,-12345,-12345,46.187,14.3,15.462433,3.08349,0.09,0.019687,-68.0,7.0,0.0,anginc_corr,ass_5_15,Apr,comment,50,ACl,4.0,10,65.813,0.0588052,1,3.70648098,29,272363.2,-1409168985.0,7.50812,0.71,34.50801991174761,32.33625176376147,24.858992484287874,8.45820328058943,2.9390393751042025,1.0640256526784242,4.58564176096368
39833,20130817042338580.DYFE.2-3.fb1,DYFE,65.1055,-16.9223,2013-08-17 04:23:38.580,2013,229.183,65.0212,-16.6702,15.1417,2.1,-12345,-12345,136.374,13.9,15.883813,5.07948,0.2,0.0025,5.0,6.5,0.0,anginc_corr,ass_5_15,Apr,comment,50,ACl,2.0,3,48.626,0.0588052,1,27.0383301,32,146.3188,-1376712985.0,3.2197,0.71,36.243607787731214,55.17687456436526,16.7057008111587,5.578402530632931,2.994710532167935,3.584104407669741,3.799484932485514
39834,20130904014856520.DYFE.3-8.fb1,DYFE,65.1055,-16.9223,2013-09-04 01:48:56.520,2013,247.076,65.0301,-16.7147,12.8872,4.7,-12345,-12345,42.628,14.7,15.424852,3.50492,0.22,0.0,-79.0,2.25,0.0,anginc_corr,ass_5_15,Apr,comment,25,ACl,3.0,8,58.372,0.0588052,1,481.698792,22,6.355713,-1378258985.0,3.41517,0.71,34.10725217664527,84.60275259657055,14.398608151250876,4.652925071605771,3.094528265481346,4.725568886433251,4.787998775170498
39835,20140828110710200.DYFE.0.5-5.fb1,DYFE,65.1055,-16.9223,2014-08-28 11:07:10.200,2014,240.463,65.0391,-16.4983,21.2814,0.9,-12345,-12345,71.895,14.7,15.538342,3.6391,0.07875,0.005625,14.0,7.25,0.0,anginc_corr,ass_5_15,Apr,comment,50,ACl,0.5,5,57.895,0.0588052,1,6.93318605,33,1399624.0,-1409223985.0,3.78605,0.71,34.152641099497664,37.31334776803283,23.830191671231272,7.698731303135747,3.0953400934417687,1.0228690555976527,4.76482544620262
39836,20140820063351140.DYFE.2-6.fb1,DYFE,65.1055,-16.9223,2014-08-20 06:33:51.140,2014,232.273,65.0131,-16.6617,16.0221,2.2,-12345,-12345,159.984,13.9,15.447508,5.64596,0.045,0.001875,24.0,8.25,0.0,anginc_corr,ass_5_15,Apr,comment,50,ACl,2.0,6,44.016,0.0588052,1,9.13058853,39,7202.0,-1408515985.0,4.58777,0.71,36.00556552509653,55.59346838558435,17.602636715016107,5.816176351969671,3.0264963869355346,0.773692609226373,3.9192050138224257
39837,20141110193608580.DYFE.1-8.fb1,DYFE,65.1055,-16.9223,2014-11-10 19:36:08.580,2014,314.817,65.0955,-16.8001,5.85044,2.3,-12345,-12345,14.297,13.9,15.622396,3.38347,0.12,0.00625,-13.0,9.25,0.0,anginc_corr,ass_5_15,Apr,comment,25,ACl,1.0,8,27.297,0.0588052,1,2.49537444,42,7842801.0,-1415647985.0,4.34028,0.71,44.70033698439441,86.1275028129469,6.540979304536063,2.6166445485319545,2.4997584437694536,4.583617267600459,2.3217460613861736
39838,20140922040858300.DYFE.2-3.fb1,DYFE,65.1055,-16.9223,2014-09-22 04:08:58.300,2014,265.173,65.074,-16.7277,9.80017,3.1,-12345,-12345,76.049,13.9,15.996141,3.10706,0.28,0.045,19.0,9.25,0.0,anginc_corr,ass_5_15,Apr,comment,25,ACl,2.0,3,57.049,0.0588052,1,4.03223705,20,15162.57,-1411358985.0,2.66703,0.71,36.76962063326233,67.20160618967708,11.049644146708168,3.833383198668016,2.882478368076425,7.2945362801291935,3.537970475563319
39839,20141027000258280.DYFE.3-8.fb1,DYFE,65.1055,-16.9223,2014-10-27 00:02:58.280,2014,300.002,65.0848,-16.5066,19.6779,3.0,-12345,-12345,34.088,13.9,15.516827,4.60398,0.0625,0.003125,4.0,9.0,0.0,anginc_corr,ass_5_16,Apr,comment,25,ACl,3.0,8,30.088,0.0588052,1,4.3650589,39,10070.14,-1414367985.0,6.43939,0.71,33.84768659647512,57.14357697130981,21.4911562161466,6.69726827328567,3.208943607929128,0.9331959948326584,4.921760611376388
39840,20140718042628780.DYFE.2-3.fb1,DYFE,65.1055,-16.9223,2014-07-18 04:26:28.780,2014,199.185,65.022,-16.6702,15.0796,2.2,-12345,-12345,145.756,14.5,15.510608,3.9125,0.215,0.0,11.0,0.249,0.0,anginc_corr,ass_5_15,Apr,comment,50,ACl,2.0,3,45.244,0.0588052,1,27719.9414,18,0.1150818,-1405657985.0,3.2197,0.71,36.22335179334125,56.032915640800006,16.62284519003491,5.542004184816728,2.999428480327757,3.878004394224632,3.809590929173125
39841,20130708115107520.DYFE.2-6.fb1,DYFE,65.1055,-16.9223,2013-07-08 11:51:07.520,2013,189.494,65.1305,-16.7727,7.55962,3.1,-12345,-12345,23.148,13.9,15.441766,6.82071,0.12,0.002812,-3.0,4.75,0.0,anginc_corr,ass_5_16,Apr,comment,50,ACl,2.0,6,26.148,0.0588052,1,16.9620533,50,2771.793,-1373283985.0,5.28409,0.71,37.67200937734709,70.25212691211476,8.729894633235997,3.1666704099696066,2.756805572740292,3.788109753885749,3.4018760263272023
39842,20140819191827980.DYFE.4-10.fb1,DYFE,65.1055,-16.9223,2014-08-19 19:18:27.980,2014,231.804,65.0212,-16.6659,15.2986,1.9,-12345,-12345,64.797,14.7,15.398053,3.22432,0.33,0.002812,21.0,8.75,0.0,anginc_corr,ass_5_15,Apr,comment,50,ACl,4.0,10,43.797,0.0588052,1,4.7957983,18,6938.25,-1408475985.0,8.78472,0.71,36.26902595728285,51.65549371664809,16.925085067772788,5.668036034179137,2.9860581276674845,5.817196994154017,3.786807159975417
39843,20140830185633480.DYFE.2-6.fb1,DYFE,65.1055,-16.9223,2014-08-30 18:56:33.480,2014,242.789,65.0741,-16.5003,20.1517,0.3,-12345,-12345,162.562,14.099999,15.383745,3.02114,0.10125,0.004687,27.0,6.75,0.0,anginc_corr,ass_5_16,Apr,comment,50,ACl,2.0,6,44.438,0.0588052,1,2.60398269,33,4959.711,-1409424985.0,4.00152,0.71,34.67682097529006,35.63087920544145,22.860135324236587,7.609975700235033,3.003969555846356,1.330431574999125,4.501926074990969
39844,20140828215829920.DYFE.0.4-4.fb1,DYFE,65.1055,-16.9223,2014-08-28 21:58:29.920,2014,240.916,65.0274,-16.4983,21.77,0.5,-12345,-12345,50.178,14.7,15.632932,3.46427,0.105,0.005,16.0,6.5,0.0,anginc_corr,ass_5_16,Apr,comment,50,ACl,0.4,4,34.178,0.0588052,1,6.13566399,28,4454091.0,-1409262985.0,2.98295,0.71,34.07071265280864,35.63069649526389,24.54635593694401,7.986890935894215,3.073330553022732,1.3145974373003355,4.80666307659113
39845,20140903000745520.DYFE.1-5.fb1,DYFE,65.1055,-16.9223,2014-09-03 00:07:45.520,2014,246.005,65.0158,-16.6638,15.7529,2.2,-12345,-12345,84.877,14.099999,15.435721,3.03981,0.155,0.0075,-29.0,7.75,0.0,anginc_corr,ass_5_16,Apr,comment,25,ACl,1.0,5,66.123,0.0588052,1,5.64578056,34,455456.5,-1409702985.0,3.98247,0.71,36.06731913686496,55.71769514171535,17.318658594299098,5.737684937050416,3.018405294871792,2.7009452970389702,3.8876041323200345
39846,20150717130037980.DYFE.0.4-4.fb1,DYFE,65.1055,-16.9223,2015-07-17 13:00:37.980,2015,198.542,65.1475,-16.76,8.94704,2.8,-12345,-12345,179.779,14.7,15.512525,6.72631,0.04,0.00375,29.0,7.25,0.0,anginc_corr,ass_5_15,Apr,comment,50,ACl,0.4,4,29.221,0.0588052,1,16.8860626,29,869185.0,-1437137985.0,3.19602,0.71,36.84195637666805,62.86840725064531,10.258484829729753,3.6222905601503776,2.832043608700423,1.1042399826806104,3.502147125740985
39847,20140907102522360.DYFE.1-8.fb1,DYFE,65.1055,-16.9223,2014-09-07 10:25:22.360,2014,250.434,65.0418,-16.5683,18.1059,1.9,-12345,-12345,118.13,14.099999,15.516649,3.15408,0.04,0.00875,7.0,8.75,0.0,anginc_corr,ass_5_15,Apr,comment,25,ACl,1.0,8,68.87,0.0588052,1,4.96365976,26,29144.07,-1410085985.0,4.59735,0.71,35.01602641476497,49.528888507411146,19.99350902913289,6.480615800609272,3.085124877678015,0.6172194166538247,4.352769213440475
39848,20140905074749160.DYFE.4-10.fb1,DYFE,65.1055,-16.9223,2014-09-05 07:47:49.160,2014,248.325,65.0678,-16.5364,18.6274,1.6,-12345,-12345,95.087,13.9,15.445276,4.44284,0.33,0.01625,-36.0,8.0,0.0,anginc_corr,ass_5_15,Apr,comment,25,ACl,4.0,10,48.913,0.0588052,1,2.6358068,32,22050.49,-1409902985.0,8.43395,0.71,34.90522717994302,42.577435296287966,20.65802547074489,6.711555911402236,3.0779786004090424,4.913924497662947,4.4010708188915855
39849,20140915074421620.DYFE.1-8.fb1,DYFE,65.1055,-16.9223,2014-09-15 07:44:21.620,2014,258.322,65.04,-16.5789,17.7294,2.8,-12345,-12345,54.033,13.9,15.554011,3.12898,0.0525,0.00625,17.0,10.0,0.0,anginc_corr,ass_5_16,Apr,comment,25,ACl,1.0,8,37.033,0.0588052,1,3.56181145,39,132935.0,-1410766985.0,5.83333,0.71,34.64707843406084,57.54538605524173,19.41653708118641,6.190653263676452,3.136427813703054,0.8480374179697492,4.516640907336336
39850,20140815224257140.DYFE.2-6.fb1,DYFE,65.1055,-16.9223,2014-08-15 22:42:57.140,2014,227.946,65.073,-16.817,6.13524,2.8,-12345,-12345,103.386,14.099999,15.610719,4.47248,0.1425,0.025312,-27.0,6.75,0.0,anginc_corr,ass_5_15,Apr,comment,50,ACl,2.0,6,49.614,0.0588052,1,3.68651962,46,5170.567,-1408142985.0,5.02654,0.71,42.2955618192122,92.77981567379857,6.965142509218558,2.7130990987255337,2.567227460467774,5.248678829109821,2.8
39851,20140722153606740.DYFE.2-6.fb1,DYFE,65.1055,-16.9223,2014-07-22 15:36:06.740,2014,203.65,65.022,-16.6702,15.0796,2.1,-12345,-12345,52.178,14.5,15.83279,3.1716,0.06,0.0025,7.0,7.75,0.0,anginc_corr,ass_5_16,Apr,comment,50,ACl,2.0,6,45.178,0.0588052,1,11.527113,24,3838.033,-1406042985.0,3.32031,0.71,36.255779606303214,55.20074953515207,16.64847321739384,5.562150291740912,2.993172126635037,1.07868812421259,3.793413502802736
39852,20131007223845000.DYFE.2-3.fb1,DYFE,65.1055,-16.9223,2013-10-07 22:38:45.000,2013,280.943,65.0194,-16.6702,15.2672,2.1,-12345,-12345,130.529,14.3,15.748479,3.96957,0.12,0.00375,-1.0,7.0,0.0,anginc_corr,ass_5_15,Apr,comment,25,ACl,2.0,3,48.471,0.0588052,1,22.6107845,26,1250.863,-1381185985.0,2.67857,0.71,36.21550040802455,55.12178243909464,16.835773562542364,5.615295592598411,2.998198987909701,2.1367762494989506,3.813508798231021
39853,20141108210033280.DYFE.3-8.fb1,DYFE,65.1055,-16.9223,2014-11-08 21:00:33.280,2014,312.875,65.066,-16.4854,21.0128,0.2,-12345,-12345,31.263,13.9,15.687321,3.01056,0.235,0.0025,-8.0,4.0,0.0,anginc_corr,ass_5_16,Apr,comment,25,ACl,3.0,8,39.263,0.0588052,1,4.3869133,49,8657.03,-1415479985.0,4.39236,0.71,34.45104925329121,35.08045857218169,23.834492625083985,7.892837290910935,3.0197623169719714,2.976723498204592,4.614099942247677
39854,20140822083312200.DYFE.2-3.fb1,DYFE,65.1055,-16.9223,2014-08-22 08:33:12.200,2014,234.356,65.0176,-16.6489,16.176,2.1,-12345,-12345,129.097,14.7,15.838902,3.41944,0.225,0.005,-12.0,8.0,0.0,anginc_corr,ass_5_15,Apr,comment,50,ACl,2.0,3,38.903,0.0588052,1,16.2574654,17,132.6695,-1408695985.0,2.60882,0.71,36.00284626784238,54.706767946879445,17.789392368593614,5.881838613370724,3.024461148620157,3.823936073302292,3.920597095805289
39855,20140827105459420.DYFE.1-8.fb1,DYFE,65.1055,-16.9223,2014-08-27 10:54:59.420,2014,239.455,65.0167,-16.6447,16.3956,2.3,-12345,-12345,118.29,13.9,15.411906,4.49879,0.03,0.001875,-14.0,9.25,0.0,anginc_corr,ass_5_16,Apr,comment,50,ACl,1.0,8,47.71,0.0588052,1,4.04780436,60,713968.5,-1409136985.0,5.95093,0.71,35.87366726779581,56.22175169540072,17.972235440948545,5.9051265980911865,3.0434970601236584,0.5080298606799261,3.986799829266116
39856,20140905080350500.DYFE.1-8.fb1,DYFE,65.1055,-16.9223,2014-09-05 08:03:50.500,2014,248.336,65.0723,-16.5279,18.9119,0.7,-12345,-12345,37.089,13.9,15.567149,3.33923,0.325,0.00875,0.0,6.5,0.0,anginc_corr,ass_5_16,Apr,comment,25,ACl,1.0,8,37.089,0.0588052,1,1.80327415,40,171061.7,-1409903985.0,4.49561,0.71,35.14751553530256,37.59816221016298,21.306420093669097,7.105460926933238,2.9985978830602176,4.571556974041613,4.295833070827468
39857,20141006060058820.DYFE.2-6.fb1,DYFE,65.1055,-16.9223,2014-10-06 06:00:58.820,2014,279.251,65.022,-16.6702,15.0796,2.1,-12345,-12345,60.649,14.3,15.442752,3.21435,0.1,0.00125,14.0,2.25,0.0,anginc_corr,ass_5_15,Apr,comment,25,ACl,2.0,6,46.649,0.0588052,1,51.2834129,26,21291.36,-1412574985.0,3.2197,0.71,36.255779606303214,55.20074953515207,16.64847321739384,5.562150291740912,2.993172126635037,1.7977205802992555,3.793413502802736
39858,20130827061514060.DYFE.2-3.fb1,DYFE,65.1055,-16.9223,2013-08-27 06:15:14.060,2013,239.261,65.0391,-16.5832,17.5895,2.0,-12345,-12345,111.282,14.7,15.537039,4.72285,0.12,0.0025,52.0,6.25,0.0,anginc_corr,ass_5_15,Apr,comment,50,ACl,2.0,3,59.282,0.0588052,1,32.7719612,24,180.3413,-1377583985.0,2.4375,0.71,35.218609324426325,52.38520483361708,19.396932501808543,6.3100159700761225,3.073991031685859,1.9015665364904064,4.265227885069629
39859,20130823043309680.DYFE.2-6.fb1,DYFE,65.1055,-16.9223,2013-08-23 04:33:09.680,2013,235.19,65.0203,-16.6702,15.2043,1.8,-12345,-12345,58.448,13.9,15.544536,3.25636,0.095,0.005,14.0,9.5,0.0,anginc_corr,ass_5_15,Apr,comment,50,ACl,2.0,6,44.448,0.0588052,1,6.93310928,25,11023.12,-1377231985.0,3.2197,0.71,36.31505884216264,49.18706620610797,16.858072805798816,5.664423144999303,2.976132321731923,1.67701667326412,3.7638579290361855
39860,20140828053545860.DYFE.0.5-5.fb1,DYFE,65.1055,-16.9223,2014-08-28 05:35:45.860,2014,240.233,65.0328,-16.4983,21.5362,0.1,-12345,-12345,66.502,13.9,15.442041,7.68793,0.12,0.00375,17.0,7.5,0.0,anginc_corr,ass_5_15,Apr,comment,50,ACl,0.5,5,49.502,0.0588052,1,2.76435065,32,15874630.0,-1409203985.0,4.73011,0.71,34.28016097729425,34.59224909338485,24.45846414842704,8.080161292586212,3.026977217752869,1.4850369893679272,4.700045981422441
39861,20140830192730020.DYFE.0.5-5.fb1,DYFE,65.1055,-16.9223,2014-08-30 19:27:30.020,2014,242.811,65.0749,-16.7723,7.83422,2.4,-12345,-12345,14.261,13.9,15.446303,3.16214,0.03,0.0075,-8.0,7.25,0.0,anginc_corr,ass_5_15,Apr,comment,50,ACl,0.5,5,22.261,0.0588052,1,3.94858122,45,5605734.0,-1409426985.0,4.288,0.71,43.44133947268487,80.26683048326123,8.590879391155198,3.295867223370041,2.606561129113381,0.9102119898187766,2.5500110434116863
39862,20130825233453680.DYFE.2-3.fb1,DYFE,65.1055,-16.9223,2013-08-25 23:34:53.680,2013,237.982,65.0185,-16.668,15.4079,2.4,-12345,-12345,130.221,14.7,15.578463,3.2341,0.105,0.00375,1.0,6.25,0.0,anginc_corr,ass_5_15,Apr,comment,50,ACl,2.0,3,50.779,0.0588052,1,38.5625725,15,570.522,-1377473985.0,3.2197,0.71,36.07429087045582,57.56709190661547,16.91168499907499,5.59863414329951,3.020680502817822,1.875292543094531,3.8840399123245968
39863,20130819003446200.DYFE.2-6.fb1,DYFE,65.1055,-16.9223,2013-08-19 00:34:46.200,2013,231.024,65.0658,-16.8275,6.27839,2.3,-12345,-12345,131.93,14.3,15.563799,4.84262,0.15,0.00375,8.0,6.25,0.0,anginc_corr,ass_5_15,Apr,comment,50,ACl,2.0,6,56.07,0.0588052,1,3.54942608,36,8235.389,-1376871985.0,5.72034,0.71,44.519792988990034,84.00713939813949,6.983980743331342,2.768128072537959,2.522997693863231,5.414852337943188,2.352150363791817
39864,20140820013437120.DYFE.2-3.fb1,DYFE,65.1055,-16.9223,2014-08-20 01:34:37.120,2014,232.066,65.0158,-16.6595,15.9075,2.1,-12345,-12345,66.986,14.7,15.646318,3.24391,0.105,0.0,29.0,1.5,0.0,anginc_corr,ass_5_15,Apr,comment,50,ACl,2.0,3,37.986,0.0588052,1,353.24173,18,76.57812,-1408497985.0,3.2197,0.71,36.06482116699783,54.82739273977125,17.506949231067523,5.803747598793643,3.0164904543241144,1.8090278339272456,3.88888192554164
39865,20130920111132940.DYFE.3-8.fb1,DYFE,65.1055,-16.9223,2013-09-20 11:11:32.940,2013,263.466,65.0703,-16.8169,6.31791,2.4,-12345,-12345,87.397,14.099999,15.436951,3.30215,0.15,0.005,29.0,7.0,0.0,anginc_corr,ass_5_15,Apr,comment,25,ACl,3.0,8,58.397,0.0588052,1,2.95905805,42,417.8822,-1379675985.0,7.29167,0.71,44.03577717568728,85.10324436243371,7.04679583800893,2.77822391000103,2.5364391302810136,5.3952038788906975,2.43516760468452
39866,20130828223324600.DYFE.1-3.fb1,DYFE,65.1055,-16.9223,2013-08-28 22:33:24.600,2013,240.94,65.0185,-16.6638,15.5634,2.4,-12345,-12345,132.982,14.7,16.004171,3.11267,0.105,0.00875,-2.0,6.75,0.0,anginc_corr,ass_5_15,Apr,comment,25,ACl,1.0,3,45.018,0.0588052,1,5.17193174,27,4537.05,-1377728985.0,1.9982,0.71,36.04211475181216,57.497637580136704,17.07659129444081,5.643557853764071,3.025855628121412,1.860367478843728,3.900498859233642
39867,20140716210202200.DYFE.2-6.fb1,DYFE,65.1055,-16.9223,2014-07-16 21:02:02.200,2014,197.876,65.0793,-16.8043,6.27055,2.8,-12345,-12345,54.999,14.5,15.418177,4.35745,0.225,0.039375,-14.0,10.0,0.0,anginc_corr,ass_5_15,Apr,comment,50,ACl,2.0,6,68.999,0.0588052,1,4.52822638,27,23225.4,-1405544985.0,4.74878,0.71,42.32211028257831,92.09454046596278,7.096097987112558,2.757563392289446,2.5733217981331977,8.145841912934415,2.8
39868,20140829060442760.DYFE.3-8.fb1,DYFE,65.1055,-16.9223,2014-08-29 06:04:42.760,2014,241.253,65.049,-16.5662,17.899,2.0,-12345,-12345,33.481,14.7,15.486434,3.1707,0.06,0.000937,6.0,3.75,0.0,anginc_corr,ass_5_15,Apr,comment,50,ACl,3.0,8,27.481,0.0588052,1,23.1944199,29,87660.12,-1409291985.0,4.78316,0.71,35.059446387646865,52.09325690973196,19.738675659504263,6.3975735197855625,3.0853378391759185,0.9378349543453623,4.333858619702129
39869,20130730190121380.DYFE.2-6.fb1,DYFE,65.1055,-16.9223,2013-07-30 19:01:21.380,2013,211.792,65.022,-16.6808,14.6904,1.9,-12345,-12345,70.137,14.5,15.47668,3.39982,0.095,0.0,26.0,0.249,0.0,anginc_corr,ass_5_15,Apr,comment,50,ACl,2.0,6,44.137,0.0588052,1,1730.54639,17,172.0039,-1375210985.0,3.2197,0.71,36.39238777237404,51.86837238482711,16.30385498925994,5.490831524509878,2.969287059069847,1.7300274323304166,3.725336871699674
39870,20131019125702800.DYFE.3-8.fb1,DYFE,65.1055,-16.9223,2013-10-19 12:57:02.800,2013,292.539,65.0677,-16.7872,7.62604,3.0,-12345,-12345,53.996,13.9,15.478656,4.1946,0.1025,0.003125,-72.0,7.5,0.0,anginc_corr,ass_5_15,Apr,comment,25,ACl,3.0,8,54.004,0.0588052,1,2.7271769,52,4059.595,-1382186985.0,6.07639,0.71,38.37006009291497,69.4197028134603,8.75307854201483,3.198142051749645,2.736926127851695,3.2041632304149914,3.3227024800117464
39871,20140822093729780.DYFE.3-8.fb1,DYFE,65.1055,-16.9223,2014-08-22 09:37:29.780,2014,234.401,65.022,-16.668,15.1583,2.1,-12345,-12345,127.615,13.9,15.393742,8.91588,0.0525,0.001875,-1.0,6.25,0.0,anginc_corr,ass_5_15,Apr,comment,50,ACl,3.0,8,51.385,0.0588052,1,7.01843214,50,855.4003,-1408699985.0,4.78316,0.71,36.237841163109984,55.165567048870905,16.7326200758163,5.586043089426896,2.995433405712056,0.9398216210399823,3.802361714945012
39872,20141112000943220.DYFE.2-6.fb1,DYFE,65.1055,-16.9223,2014-11-12 00:09:43.220,2014,316.007,65.0669,-16.4833,21.0898,-0.1,-12345,-12345,153.763,13.9,15.386069,4.78502,0.155,0.0075,84.0,6.75,0.0,anginc_corr,ass_5_16,Apr,comment,25,ACl,2.0,6,69.763,0.0588052,1,5.58889103,30,45357.73,-1415750985.0,4.39236,0.71,34.49809110702953,34.223670830496765,24.05392866503356,8.036305665927342,2.9931575110462,1.9285676014874296,4.59060003352327
39873,20140722233204840.DYFE.2-6.fb1,DYFE,65.1055,-16.9223,2014-07-22 23:32:04.840,2014,203.981,65.022,-16.6765,14.8453,2.0,-12345,-12345,56.519,13.9,15.849885,3.21834,0.095,0.0375,12.0,8.5,0.0,anginc_corr,ass_5_15,Apr,comment,50,ACl,2.0,6,44.519,0.0588052,1,7.2891221,26,5021.237,-1406071985.0,3.2197,0.71,36.33479747740222,54.47292846836953,16.436225603742077,5.514851275721535,2.9803570000338127,1.7224934756029595,3.754021580458296
39874,20140826081022240.DYFE.2-6.fb1,DYFE,65.1055,-16.9223,2014-08-26 08:10:22.240,2014,238.34,65.0364,-16.6044,16.8247,2.8,-12345,-12345,16.511,14.5,15.461102,3.41105,0.0675,0.006563,-9.0,7.75,0.0,anginc_corr,ass_5_15,Apr,comment,50,ACl,2.0,6,25.511,0.0588052,1,7.56401825,27,45928.29,-1409040985.0,5.0926,0.71,35.012745744017984,58.38528351026748,18.43464623440292,5.934866134401632,3.106160411529071,1.1373098522284408,4.354198444102113
39875,20141012045312520.DYFE.4-10.fb1,DYFE,65.1055,-16.9223,2014-10-12 04:53:12.520,2014,285.204,65.0588,-16.7319,10.3613,3.8,-12345,-12345,68.29,13.9,15.324286,3.33323,0.15,0.015625,-68.0,7.0,0.0,anginc_corr,ass_5_16,Apr,comment,25,ACl,4.0,10,43.71,0.0588052,1,3.74060822,33,3145.721,-1413089985.0,7.21875,0.71,36.123932222300176,85.73407833746529,11.615744118204685,3.9557637359354287,2.9364099813857774,3.790573157077404,3.859230659923952
39876,20140828043313120.DYFE.0.2-3.fb1,DYFE,65.1055,-16.9223,2014-08-28 04:33:13.120,2014,240.19,65.0346,-16.4983,21.4614,0.4,-12345,-12345,109.556,14.099999,16.568661,3.00913,0.10625,0.010937,65.0,7.0,0.0,anginc_corr,ass_5_24,Apr,comment,50,ACl,0.2,3,44.556,0.0588052,1,3.80852056,43,441549.5,-1409199985.0,0.781252,0.71,34.22673814013076,35.47975090443329,24.242563747825905,7.939262792456246,3.053503125108893,1.338225548624905,4.727122540538648
39877,20140826184152800.DYFE.1-8.fb1,DYFE,65.1055,-16.9223,2014-08-26 18:41:52.800,2014,238.779,65.0427,-16.494,21.3336,0.4,-12345,-12345,159.638,13.9,15.524301,3.54438,0.0375,0.0075,-87.0,8.25,0.0,anginc_corr,ass_5_15,Apr,comment,50,ACl,1.0,8,66.638,0.0588052,1,4.30753279,61,903257.2,-1409078985.0,5.0926,0.71,34.27744165552202,35.53287669074744,24.09998696949436,7.903387795923525,3.049323605495462,0.4744774002006124,4.701423813279932
39878,20130823015915620.DYFE.0.5-5.fb1,DYFE,65.1055,-16.9223,2013-08-23 01:59:15.620,2013,235.083,65.0203,-16.6702,15.2043,1.9,-12345,-12345,38.232,14.099999,15.612391,3.27307,0.105,0.0075,7.0,7.75,0.0,anginc_corr,ass_5_15,Apr,comment,50,ACl,0.5,5,31.232,0.0588052,1,6.02395535,35,79911450.0,-1377222985.0,3.2197,0.71,36.289703293422185,51.69112903436455,16.825774359620496,5.639804598563909,2.983396687875485,1.861605327495397,3.776497007381233
39879,20140905074136340.DYFE.2-6.fb1,DYFE,65.1055,-16.9223,2014-09-05 07:41:36.340,2014,248.321,65.0723,-16.5321,18.7158,0.9,-12345,-12345,178.212,14.7,15.392672,3.20657,0.2675,0.00875,-70.0,8.0,0.0,anginc_corr,ass_5_15,Apr,comment,25,ACl,2.0,6,68.212,0.0588052,1,6.01721907,16,53087.96,-1409902985.0,6.02948,0.71,35.167484201905786,38.45535067208378,21.011406941322136,6.976930772506417,3.0115544537320846,3.8326561397703074,4.287234050360511
39880,20140925112901840.DYFE.4-10.fb1,DYFE,65.1055,-16.9223,2014-09-25 11:29:01.840,2014,268.478,65.031,-16.5216,20.6021,2.8,-12345,-12345,138.404,14.5,15.47576,3.77392,0.16,0.019375,70.0,8.25,0.0,anginc_corr,ass_5_15,Apr,comment,25,ACl,4.0,10,68.404,0.0588052,1,4.59737444,27,27109.38,-1411644985.0,6.94444,0.71,33.694809058263175,55.42734744691885,22.519526968338702,6.990363007410587,3.2215103771385576,2.288565696782996,5.002375425538801
39881,20130921233811740.DYFE.3-8.fb1,DYFE,65.1055,-16.9223,2013-09-21 23:38:11.740,2013,264.985,65.0678,-16.5279,19.0171,3.1,-12345,-12345,18.692,13.9,15.616244,5.39735,0.235,0.005,-13.0,4.75,0.0,anginc_corr,ass_5_16,Apr,comment,25,ACl,3.0,8,31.692,0.0588052,1,4.09323311,45,3612.758,-1379806985.0,4.86439,0.71,34.0439346341568,59.56058939357381,20.755489209322864,6.497474127695111,3.19439351375849,3.615608061391384,4.820398581283515
39882,20140905002415440.DYFE.3-8.fb1,DYFE,65.1055,-16.9223,2014-09-05 00:24:15.440,2014,248.017,65.0382,-16.4983,21.3166,1.1,-12345,-12345,145.533,13.9,15.481072,4.43258,0.16,0.00375,-12.0,4.25,0.0,anginc_corr,ass_5_15,Apr,comment,25,ACl,3.0,8,22.467,0.0588052,1,6.22187424,41,20745.23,-1409876985.0,5.12695,0.71,34.07358203151607,37.99210749113765,23.789305313103142,7.636288593956126,3.115296785919224,2.095028775423202,4.805197113391466
39883,20140829232513700.DYFE.3-8.fb1,DYFE,65.1055,-16.9223,2014-08-29 23:25:13.700,2014,241.976,65.0203,-16.5153,21.3846,2.0,-12345,-12345,29.159,14.099999,15.462433,3.38843,0.02625,0.032812,-40.0,5.75,0.0,anginc_corr,ass_5_15,Apr,comment,50,ACl,3.0,8,69.159,0.0588052,1,5.77900696,34,53958.95,-1409354985.0,7.50812,0.71,33.70411024931623,49.65827859041533,23.562940652844507,7.37349701481636,3.1956262551536887,0.356003627246082,4.99670475702845
39884,20130813125257440.DYFE.3-8.fb1,DYFE,65.1055,-16.9223,2013-08-13 12:52:57.440,2013,225.537,65.0212,-16.6489,15.9358,1.9,-12345,-12345,161.965,14.7,15.463261,8.41283,0.20625,0.0075,-44.0,7.25,0.0,anginc_corr,ass_5_15,Apr,comment,50,ACl,3.0,8,25.965,0.0588052,1,5.68021727,27,371.8468,-1376397985.0,4.78316,0.71,36.12227443672277,51.40311271278404,17.58579138286433,5.854875024724074,3.003615159777574,3.5216132292433144,3.860058918199088
39885,20140830152007960.DYFE.4-10.fb1,DYFE,65.1055,-16.9223,2014-08-30 15:20:07.960,2014,242.639,65.0301,-16.5747,18.3898,2.2,-12345,-12345,177.769,14.7,15.280328,4.5027,0.02625,0.001875,29.0,6.25,0.0,anginc_corr,ass_5_15,Apr,comment,50,ACl,4.0,10,31.231,0.0588052,1,11.3672276,25,43951.43,-1409411985.0,8.7717,0.71,34.68015150159745,52.99345910449394,20.253829850438336,6.494604958850737,3.1185622495540333,0.4041799764650022,4.500282987914173
39886,20131007014142540.DYFE.3-8.fb1,DYFE,65.1055,-16.9223,2013-10-07 01:41:42.540,2013,280.07,65.0955,-16.7767,6.93267,2.9,-12345,-12345,164.316,14.5,15.305044,4.83043,0.095,0.001875,-51.0,5.0,0.0,anginc_corr,ass_5_15,Apr,comment,25,ACl,3.0,8,35.316,0.0588052,1,12.8304787,26,3684.486,-1381109985.0,6.05469,0.71,41.94077472540286,90.0,7.781719647131548,2.978355532567071,2.612757127898836,3.1888687519732173,2.9000000000000004
39887,20140820191428980.DYFE.1-5.fb1,DYFE,65.1055,-16.9223,2014-08-20 19:14:28.980,2014,232.802,65.0176,-16.6638,15.6262,1.9,-12345,-12345,72.735,14.3,15.897717,3.00146,0.11,0.00625,24.0,5.25,0.0,anginc_corr,ass_5_16,Apr,comment,50,ACl,1.0,5,48.735,0.0588052,1,8.02908897,26,78364760.0,-1408561985.0,2.08333,0.71,36.19578208141503,51.52941427210916,17.263801350584362,5.764037285336899,2.9950884243066307,1.9082108783493368,3.823350046498201
39888,20130730144105060.DYFE.1-8.fb1,DYFE,65.1055,-16.9223,2013-07-30 14:41:05.060,2013,211.612,65.0695,-16.8148,6.45839,2.4,-12345,-12345,139.677,14.7,15.311425,4.55092,0.03,0.00375,75.0,7.0,0.0,anginc_corr,ass_5_16,Apr,comment,50,ACl,1.0,8,64.677,0.0588052,1,5.23903561,35,112888.1,-1375194985.0,6.42164,0.71,43.978254175004594,84.45171966845376,7.182405349282537,2.8239889069100186,2.54335466109938,1.0622971489056,2.445148140368624
39889,20140904171638500.DYFE.1-8.fb1,DYFE,65.1055,-16.9223,2014-09-04 17:16:38.500,2014,247.72,65.0741,-16.5364,18.4806,1.0,-12345,-12345,40.593,13.9,15.396229,3.80756,0.0975,0.005,18.0,4.75,0.0,anginc_corr,ass_5_16,Apr,comment,25,ACl,1.0,8,22.593,0.0588052,1,3.93874788,43,69162.89,-1409850985.0,7.1421,0.71,35.251105788541565,38.97238288979383,20.70672498250463,6.873161848407197,3.012692766328972,1.4184897376850358,4.251247393309711
39890,20150720174754840.DYFE.1-8.fb1,DYFE,65.1055,-16.9223,2015-07-20 17:47:54.840,2015,201.742,65.1125,-16.7768,6.88012,2.3,-12345,-12345,156.232,13.9,15.307302,3.96452,0.13875,0.005625,-2.0,5.0,0.0,anginc_corr,ass_5_15,Apr,comment,50,ACl,1.0,8,21.768,0.0588052,1,4.50590801,45,110909.8,-1437414985.0,7.00555,0.71,44.18851092203922,81.36725169210877,7.59673954190511,2.9741921155093505,2.554219514701429,4.662596922059237,2.408714534048393
39891,20130921175625540.DYFE.4-10.fb1,DYFE,65.1055,-16.9223,2013-09-21 17:56:25.540,2013,264.747,65.0489,-16.7276,11.1226,0.8,-12345,-12345,53.046,14.7,15.409506,4.7047,0.11,0.00125,7.0,4.5,0.0,anginc_corr,ass_5_15,Apr,comment,25,ACl,4.0,10,46.046,0.0588052,1,7.18440247,37,200.4631,-1379785985.0,6.05469,0.71,43.43577939597957,47.35133380777063,12.312208612577887,4.760021237318368,2.586586907648791,2.310605615944894,2.5512523622765046
39892,20140906012642180.DYFE.1-8.fb1,DYFE,65.1055,-16.9223,2014-09-06 01:26:42.180,2014,249.06,65.083,-16.5321,18.5134,1.0,-12345,-12345,136.696,14.099999,15.507895,5.77457,0.125,0.00375,-12.0,6.5,0.0,anginc_corr,ass_5_15,Apr,comment,25,ACl,1.0,8,31.304,0.0588052,1,3.3269012,41,331567.9,-1409966985.0,6.33413,0.71,35.233076439686066,38.95174644769944,20.74567154846871,6.883112576943384,3.013995676601492,1.815889164396367,4.259003212077093
39893,20141010001350340.DYFE.3-8.fb1,DYFE,65.1055,-16.9223,2014-10-10 00:13:50.340,2014,283.01,65.1206,-16.779,6.93938,3.6,-12345,-12345,48.848,14.3,15.388869,3.95571,0.1225,0.00375,0.0,7.0,0.0,anginc_corr,ass_5_16,Apr,comment,25,ACl,3.0,8,48.848,0.0588052,1,4.17500114,23,18793.13,-1412899985.0,6.50653,0.71,36.63235070839109,91.20714457725056,8.157814597030681,2.9506893489461405,2.7647148283991,4.1497849173609325,3.6
39894,20130821223303640.DYFE.2-6.fb1,DYFE,65.1055,-16.9223,2013-08-21 22:33:03.640,2013,233.94,65.022,-16.6702,15.0796,2.0,-12345,-12345,62.667,14.3,15.802817,3.07052,0.105,0.00375,18.0,4.5,0.0,anginc_corr,ass_5_16,Apr,comment,50,ACl,2.0,6,44.667,0.0588052,1,12.1203041,28,5996.104,-1377123985.0,3.30882,0.71,36.28647227173943,54.38098283835598,16.67513463334752,5.582933520826832,2.986805157385777,1.880565409329904,3.778107882370466
39895,20140828020600920.DYFE.4-10.fb1,DYFE,65.1055,-16.9223,2014-08-28 02:06:00.920,2014,240.087,65.0857,-16.5002,19.9644,2.3,-12345,-12345,3.838,14.5,15.302907,3.21746,0.27,0.002812,48.0,8.75,0.0,anginc_corr,ass_5_15,Apr,comment,50,ACl,4.0,10,44.162,0.0588052,1,3.38363957,22,21879.15,-1409191985.0,8.16176,0.71,34.13555992882717,52.745246526203175,21.92154559156772,6.913136501330378,3.1709985167151102,3.904119576372267,4.77354478301657
39896,20140906052358720.DYFE.1-8.fb1,DYFE,65.1055,-16.9223,2014-09-06 05:23:58.720,2014,249.225,65.1017,-16.8363,4.0621,2.9,-12345,-12345,69.401,14.099999,15.428734,3.09254,0.105,0.005625,5.0,8.5,0.0,anginc_corr,ass_5_15,Apr,comment,25,ACl,1.0,8,64.401,0.0588052,1,3.50183654,26,180406.6,-1409980985.0,5.76006,0.71,39.19594889640114,108.9922798907174,5.072272714417309,2.04201060196121,2.4839600291721022,5.13859655361486,2.9000000000000004
39897,20150731013146780.DYFE.1-8.fb1,DYFE,65.1055,-16.9223,2015-07-31 01:31:46.780,2015,212.064,65.0319,-16.7105,12.9105,4.9,-12345,-12345,0.973,14.3,16.34449,4.28167,0.13125,0.009375,-55.0,5.5,0.0,anginc_corr,ass_5_16,Apr,comment,50,ACl,1.0,8,55.973,0.0588052,1,8.08415794,30,98574.7,-1438305985.0,1.5625,0.71,33.78073255701787,85.68844105772217,14.468884170027929,4.654116505927625,3.108835834169582,2.8195236375211152,4.956630998478047
39898,20131008062445100.DYFE.4-10.fb1,DYFE,65.1055,-16.9223,2013-10-08 06:24:45.100,2013,281.267,65.0785,-16.7915,6.8501,2.9,-12345,-12345,12.317,14.7,15.317483,4.70257,0.37,0.00125,-34.0,5.25,0.0,anginc_corr,ass_5_15,Apr,comment,25,ACl,4.0,10,46.317,0.0588052,1,9.91311359,25,623.3955,-1381212985.0,6.94444,0.71,41.93911541124753,90.4178304787392,7.697101604203265,2.950144644008381,2.609059057438337,12.492822935587355,2.9000000000000004
39899,20140827075933460.DYFE.1-8.fb1,DYFE,65.1055,-16.9223,2014-08-27 07:59:33.460,2014,239.333,65.0059,-16.7125,14.863,3.2,-12345,-12345,61.174,13.9,15.451016,3.63951,0.11625,0.006563,4.0,9.5,0.0,anginc_corr,ass_5_15,Apr,comment,50,ACl,1.0,8,57.174,0.0588052,1,2.57361937,35,1158169.0,-1409125985.0,4.18648,0.71,35.62266370768563,66.28599136214447,16.2602784482758,5.311278659477125,3.0614621244287266,2.188476413574847,4.093797565838554
39900,20131017090540520.DYFE.2-6.fb1,DYFE,65.1055,-16.9223,2013-10-17 09:05:40.520,2013,290.379,65.0203,-16.6638,15.4391,1.9,-12345,-12345,143.218,13.9,15.819524,3.06023,0.055,0.0075,14.0,9.75,0.0,anginc_corr,ass_5_15,Apr,comment,25,ACl,2.0,6,50.782,0.0588052,1,3.4216013,37,363.9171,-1382000985.0,3.50561,0.71,36.23830770300554,51.60258815381784,17.069516954136258,5.70902664229164,2.989917200190967,0.963364288674029,3.802128965394576
39901,20130814225133200.DYFE.2-3.fb1,DYFE,65.1055,-16.9223,2013-08-14 22:51:33.200,2013,226.952,65.0212,-16.6702,15.1417,2.1,-12345,-12345,171.995,14.7,15.547675,3.1809,0.205,0.00375,24.0,3.5,0.0,anginc_corr,ass_5_15,Apr,comment,50,ACl,2.0,3,32.005,0.0588052,1,43.944294,24,62.09626,-1376520985.0,2.91667,0.71,36.243607787731214,55.17687456436526,16.7057008111587,5.578402530632931,2.994710532167935,3.673647311953943,3.799484932485514
39902,20130708120545680.DYFE.2-6.fb1,DYFE,65.1055,-16.9223,2013-07-08 12:05:45.680,2013,189.504,65.1296,-16.7706,7.61735,2.9,-12345,-12345,38.806,13.9,15.478533,4.90679,0.10875,0.001875,4.0,4.25,0.0,anginc_corr,ass_5_15,Apr,comment,50,ACl,2.0,6,34.806,0.0588052,1,18.1866779,49,2051.322,-1373284985.0,5.20834,0.71,41.87576541869097,87.12602864336812,8.466112980361814,3.204367351100505,2.642054437814135,3.392828966607908,2.9158117006830144
39903,20140828063355260.DYFE.0.5-5.fb1,DYFE,65.1055,-16.9223,2014-08-28 06:33:55.260,2014,240.274,65.0507,-16.4812,21.6283,0.2,-12345,-12345,17.234,14.5,15.632349,3.57539,0.06375,0.008437,-10.0,7.25,0.0,anginc_corr,ass_5_15,Apr,comment,50,ACl,0.5,5,27.234,0.0588052,1,3.84510446,41,1024252.0,-1409207985.0,4.60157,0.71,34.215604105598,34.83944280854044,24.5175514223038,8.065752896463431,3.0397102089569272,0.7903664448434711,4.732767822157162
39904,20140906011112560.DYFE.1-8.fb1,DYFE,65.1055,-16.9223,2014-09-06 01:11:12.560,2014,249.049,65.083,-16.5321,18.5134,1.2,-12345,-12345,85.792,14.3,15.507895,3.31887,0.075,0.005625,32.0,9.75,0.0,anginc_corr,ass_5_15,Apr,comment,25,ACl,1.0,8,53.792,0.0588052,1,3.13672829,40,103427.2,-1409965985.0,6.33413,0.71,35.145052428848985,39.61526263987824,20.6714672494802,6.812998893538566,3.0341216214030178,1.1008034656470045,4.296893893920882
39905,20130724175825600.DYFE.1-8.fb1,DYFE,65.1055,-16.9223,2013-07-24 17:58:25.600,2013,205.749,65.1125,-16.7768,6.88012,2.3,-12345,-12345,78.492,13.9,15.287978,3.14425,0.09,0.002812,10.0,5.25,0.0,anginc_corr,ass_5_15,Apr,comment,50,ACl,1.0,8,68.492,0.0588052,1,4.87276506,55,6598.129,-1374688985.0,6.82218,0.71,44.18851092203922,81.36725169210877,7.59673954190511,2.9741921155093505,2.554219514701429,3.025339419195916,2.408714534048393
39906,20141011152945740.DYFE.4-10.fb1,DYFE,65.1055,-16.9223,2014-10-11 15:29:45.740,2014,284.646,65.1476,-16.4978,20.4753,3.9,-12345,-12345,166.193,14.7,15.363003,3.06732,0.155,0.004375,53.0,7.0,0.0,anginc_corr,ass_5_15,Apr,comment,25,ACl,4.0,10,66.807,0.0588052,1,8.19407749,26,6079.144,-1413040985.0,7.42188,0.71,33.51941740162308,69.80506638793689,22.17568639445013,6.800243614731715,3.261013524046376,2.27903413529873,5.141054909086978
39907,20130927122007900.DYFE.4-10.fb1,DYFE,65.1055,-16.9223,2013-09-27 12:20:07.900,2013,270.514,65.04,-16.5195,20.3112,3.3,-12345,-12345,138.529,13.9,15.306489,3.00284,0.04,0.00625,71.0,9.75,0.0,anginc_corr,ass_5_15,Apr,comment,25,ACl,4.0,10,67.529,0.0588052,1,4.92495823,36,128.5449,-1380283985.0,9.03058,0.71,33.67331543024422,62.778744356209145,22.089051463956835,6.823592525084177,3.2371586349500467,0.5861964387065655,5.019302489961247
39908,20140831110024900.DYFE.2-6.fb1,DYFE,65.1055,-16.9223,2014-08-31 11:00:24.900,2014,243.458,65.04,-16.5619,18.4605,2.4,-12345,-12345,137.664,13.9,15.503234,3.02837,0.07875,0.008437,70.0,8.25,0.0,anginc_corr,ass_5_15,Apr,comment,50,ACl,2.0,6,67.664,0.0588052,1,5.44134521,38,103473.7,-1409482985.0,5.0926,0.71,34.61378833578685,54.5100521154295,20.274703173739542,6.472825457299165,3.132280224067608,1.2165797863502803,4.533140816282767
39909,20140828074537200.DYFE.0.2-3.fb1,DYFE,65.1055,-16.9223,2014-08-28 07:45:37.200,2014,240.323,65.0185,-16.5026,22.0109,-0.3,-12345,-12345,175.43,14.5,16.407711,5.2677,0.135,0.00875,-52.0,8.25,0.0,anginc_corr,ass_5_16,Apr,comment,50,ACl,0.2,3,47.43,0.0588052,1,7.50852251,25,198807600.0,-1409211985.0,1.90218,0.71,34.19859237653378,33.38708506843054,25.166984185903765,8.378469876105441,3.0037685350731507,1.6111681602851036,4.741394707699943
39910,20140829134110420.DYFE.2-6.fb1,DYFE,65.1055,-16.9223,2014-08-29 13:41:10.420,2014,241.57,65.0248,-16.6235,16.6975,1.6,-12345,-12345,19.156,14.7,15.566434,3.44333,0.14625,0.006563,83.0,9.75,0.0,anginc_corr,ass_5_15,Apr,comment,50,ACl,2.0,6,63.844,0.0588052,1,6.43889189,16,36990.64,-1409319985.0,5.0926,0.71,36.02233334693636,44.05608317019386,18.48356933874373,6.157297145905768,3.001896595332288,2.374895588323511,3.910622045893727
39911,20130715070419160.DYFE.3-8.fb1,DYFE,65.1055,-16.9223,2013-07-15 07:04:19.160,2013,196.295,65.0409,-16.5874,17.324,2.9,-12345,-12345,127.99,14.7,15.514112,3.79269,0.06,0.002812,64.0,7.5,0.0,anginc_corr,ass_5_15,Apr,comment,50,ACl,3.0,8,63.99,0.0588052,1,8.7815361,34,352.2883,-1373871985.0,6.04839,0.71,34.685599551896644,58.36959903560847,18.974138376331688,6.058528468946373,3.1318064235541083,0.99031520972801,4.497846673595996
39912,20150803200735140.DYFE.2-3.fb1,DYFE,65.1055,-16.9223,2015-08-03 20:07:35.140,2015,215.839,65.0212,-16.6702,15.1417,1.9,-12345,-12345,65.595,14.5,15.634039,3.00078,0.12,0.00125,20.0,4.5,0.0,anginc_corr,ass_5_15,Apr,comment,50,ACl,2.0,3,45.595,0.0588052,1,51.6921463,34,19.08801,-1438631985.0,2.80172,0.71,36.30298261186126,51.714024427133374,16.761057457926967,5.621387124893803,2.9816586343434954,2.134461291478829,3.769877101738598
39913,20141028142929880.DYFE.4-10.fb1,DYFE,65.1055,-16.9223,2014-10-28 14:29:29.880,2014,301.604,65.0373,-16.5174,20.5143,3.1,-12345,-12345,85.448,14.099999,15.399816,3.79767,0.0525,0.00125,42.0,3.25,0.0,anginc_corr,ass_5_15,Apr,comment,25,ACl,4.0,10,43.448,0.0588052,1,7.40459776,41,3598.306,-1414506985.0,7.26859,0.71,33.681623270361165,58.65810769942439,22.341306749692368,6.910426854590277,3.2329850557425512,0.7597105588729391,5.01275924236038
39914,20130817001859100.DYFE.2-3.fb1,DYFE,65.1055,-16.9223,2013-08-17 00:18:59.100,2013,229.013,65.022,-16.6702,15.0796,2.1,-12345,-12345,143.653,13.9,15.883813,3.225,0.22,0.00375,1.0,7.5,0.0,anginc_corr,ass_5_15,Apr,comment,50,ACl,2.0,3,37.347,0.0588052,1,11.8549795,29,218.2767,-1376698985.0,3.2197,0.71,36.255779606303214,55.20074953515207,16.64847321739384,5.562150291740912,2.993172126635037,3.953759091449172,3.793413502802736
39915,20130901032623240.DYFE.2-3.fb1,DYFE,65.1055,-16.9223,2013-09-01 03:26:23.240,2013,244.143,65.0919,-16.7959,6.13478,2.3,-12345,-12345,65.923,14.3,15.958202,3.01968,0.14,0.0075,-2.0,5.5,0.0,anginc_corr,ass_5_15,Apr,comment,25,ACl,2.0,3,67.923,0.0588052,1,16.290966,24,253.3278,-1378005985.0,2.91667,0.71,44.59118897687117,84.74339613125477,6.826784701083964,2.714585026573059,2.5148538853108686,5.153901210996281,2.340115709038928
39916,20140709211746440.DYFE.1-5.fb1,DYFE,65.1055,-16.9223,2014-07-09 21:17:46.440,2014,190.887,65.022,-16.6744,14.9231,2.0,-12345,-12345,82.257,13.9,15.83279,3.07607,0.085,0.005,40.0,9.25,0.0,anginc_corr,ass_5_16,Apr,comment,50,ACl,1.0,5,42.257,0.0588052,1,6.84949112,31,9044.071,-1404940985.0,3.32031,0.71,36.31898485125407,54.4428262381464,16.515549421364884,5.537479800631568,2.9825028742283144,1.5349039041012702,3.7619012835377417
