,1event,stat,slat,slon,5cuspid,year,doy_det,evla,evlo,10dist(ev-stat),depthkm,mag,baz,spol,wbeg,wend,20SNR,tlag,Dtlag,fast,Dfast,25anginc,anginc_corr,type_ini,timestamp,comment,30nyquist,gradeABCNR,filt_lo,filt_HI,spol-fast,35bandang,pickgrade,lambdamax,ndf,lambda2_min,40ttime,maxfreq,Elev,anginc_epi,takeoff_ang_epi,path_length_source_to_station_km,traveltime_source_to_station_s,v_avg_source_to_station_kms,SWA_source_to_station,max_ray_depth_km
42139,20140615113716900.STOR.4-10.fb1,STOR,65.1331,-16.6314,2014-06-15 11:37:16.900,2014,166.484,65.022,-16.668,12.5037,2.8,-12345,-12345,162.216,14.7,15.460832,3.09054,0.245,0.00375,4.0,5.5,0.0,anginc_corr,ass_5_15,Apr,comment,25,ACl,4.0,10,21.784,0.0588052,1,6.30093098,23,1126.384,-1402831985.0,7.17003,0.721,36.52097846204799,62.042212062596725,13.856279396303004,4.681272429419948,2.9599386929976053,5.230040860919871,3.6613648349093113
42140,20160105084012400.STOR.4-10.fb1,STOR,65.1331,-16.6314,2016-01-05 08:40:12.400,2016,5.36114,65.0167,-16.6701,13.1118,1.7,-12345,-12345,95.39,14.3,15.4165,3.492,0.05,0.000625,51.0,2.0,0.0,anginc_corr,ass_5_15,Apr,comment,25,ACl,4.0,10,44.39,0.0588052,1,15.6350718,35,936.3557,-1451982985.0,7.96494,0.721,36.67389021954734,47.28494341618747,14.763153863197244,5.076168016569119,2.908326480724995,0.9849710869843876,3.5854317109078497
42141,20150916230610660.STOR.4-10.fb1,STOR,65.1331,-16.6314,2015-09-16 23:06:10.660,2015,259.962,65.066,-16.7107,8.362,2.4,-12345,-12345,179.997,13.9,15.375659,3.90042,0.29,0.0025,-45.0,7.25,0.0,anginc_corr,ass_5_15,Apr,comment,25,ACl,4.0,10,44.997,0.0588052,1,2.40978122,41,2823.76,-1442444985.0,5.89286,0.721,43.20288780189644,78.89203977954791,9.137309534796923,3.476133226126757,2.62858438972377,8.328137518831724,2.60377308514742
42142,20131002201806540.STOR.4-10.fb1,STOR,65.1331,-16.6314,2013-10-02 20:18:06.540,2013,275.846,65.0229,-16.7296,13.1274,1.0,-12345,-12345,177.009,14.099999,15.499761,3.6901,0.095,0.015625,67.0,7.5,0.0,anginc_corr,ass_5_16,Apr,comment,25,ACl,4.0,10,69.991,0.0588052,1,5.37117052,38,1771.655,-1380744985.0,5.91701,0.721,36.740532169838175,40.68228406989755,15.078913844204166,5.3085071337225855,2.840518711638256,1.7894370800505044,3.5523856999268446
42143,20140530030802500.STOR.3-8.fb1,STOR,65.1331,-16.6314,2014-05-30 03:08:02.500,2014,150.131,65.022,-16.6659,12.4903,2.1,-12345,-12345,172.637,14.7,15.284516,4.6697,0.1925,0.00125,-61.0,2.5,0.0,anginc_corr,ass_5_15,Apr,comment,25,ACl,3.0,8,53.637,0.0588052,1,27.319582,17,252.5702,-1401418985.0,6.19507,0.721,36.68481850414203,56.04924580081278,14.013546166705275,4.8016509554532645,2.918484974587752,4.007428185315831,3.58001069460376
42144,20140611042817940.STOR.2-3.fb1,STOR,65.1331,-16.6314,2014-06-11 04:28:17.940,2014,162.186,65.0185,-16.6702,12.9137,2.4,-12345,-12345,145.286,14.099999,16.01457,5.03751,0.285,0.01,-11.0,3.5,0.0,anginc_corr,ass_5_16,Apr,comment,25,ACl,2.0,3,23.714,0.0588052,1,12.5120726,22,154.2414,-1402460985.0,2.73438,0.721,36.56824352169899,58.64683111257069,14.354858799472424,4.8670923906985495,2.9493705167598314,5.850641170879811,3.6378778234557583
42145,20130926224555420.STOR.4-10.fb1,STOR,65.1331,-16.6314,2013-09-26 22:45:55.420,2013,269.948,65.084,-16.5789,6.01318,2.5,-12345,-12345,91.846,14.099999,15.527879,3.38327,0.05,0.0025,47.0,5.0,0.0,anginc_corr,ass_5_15,Apr,comment,25,ACl,4.0,10,44.846,0.0588052,1,4.38637352,34,2735.146,-1380235985.0,6.43706,0.721,43.65006633999223,88.62597390843624,6.753985552137583,2.6682650526018383,2.5312273777118723,1.873712338054645,2.503494202462811
42146,20150917131736780.STOR.4-10.fb1,STOR,65.1331,-16.6314,2015-09-17 13:17:36.780,2015,260.554,65.0212,-16.6723,12.6317,2.1,-12345,-12345,106.336,14.7,15.464478,21.6116,0.1425,0.015625,-40.0,6.75,0.0,anginc_corr,ass_5_15,Apr,comment,25,ACl,4.0,10,33.664,0.0588052,1,5.69270134,19,776.198,-1442495985.0,7.69043,0.721,36.66951028604871,56.018733262054766,14.14599655312696,4.84038979104879,2.922491196739319,2.9433401712907425,3.587604609408756
42147,20150926020529420.STOR.4-10.fb1,STOR,65.1331,-16.6314,2015-09-26 02:05:29.420,2015,269.087,65.022,-16.668,12.5037,2.0,-12345,-12345,128.109,14.7,15.268497,11.597,0.1,0.0025,17.0,3.25,0.0,anginc_corr,ass_5_16,Apr,comment,25,ACl,4.0,10,68.891,0.0588052,1,12.5977116,26,196.6455,-1443232985.0,8.27206,0.721,36.69973668945832,55.17220342012948,14.055510830521808,4.825913401361118,2.9125078843224874,2.0719242039660912,3.572611716578704
42148,20140522061713580.STOR.4-10.fb1,STOR,65.1331,-16.6314,2014-05-22 06:17:13.580,2014,142.262,65.0167,-16.6638,13.0732,2.9,-12345,-12345,77.494,14.7,15.385558,3.80597,0.31,0.001875,32.0,6.25,0.0,anginc_corr,ass_5_15,Apr,comment,25,ACl,4.0,10,45.494,0.0588052,1,6.60141039,21,471.58,-1400738985.0,6.53609,0.721,36.390396953052736,62.58234324123404,14.409100276255032,4.831180859478852,2.9825213949471907,6.4100593692067775,3.726328109327829
42149,20151114023549940.STOR.4-10.fb1,STOR,65.1331,-16.6314,2015-11-14 02:35:49.940,2015,318.108,65.0229,-16.6638,12.3783,2.0,-12345,-12345,134.662,14.3,15.604932,3.7571,0.325,0.0075,-22.0,6.25,0.0,anginc_corr,ass_5_15,Apr,comment,25,ACl,4.0,10,23.338,0.0588052,1,4.3837676,28,2506.09,-1447468985.0,5.20833,0.721,36.713093141042506,55.19796522385365,13.928842757424162,4.788784393377909,2.908638521434674,6.778894222467358,3.5659885304163685
42150,20140526112150360.STOR.4-10.fb1,STOR,65.1331,-16.6314,2014-05-26 11:21:50.360,2014,146.473,65.022,-16.6659,12.4903,2.2,-12345,-12345,115.05,14.7,15.307739,5.91349,0.0525,0.001875,69.0,8.0,0.0,anginc_corr,ass_5_16,Apr,comment,25,ACl,4.0,10,46.05,0.0588052,1,10.4164734,16,1439.058,-1401102985.0,7.90895,0.721,36.66702762098847,56.94013927659277,13.985930683431292,4.781964767902721,2.9247247443785027,1.0978420094687635,3.5888363221139032
42151,20130711185131060.STOR.3-8.fb1,STOR,65.1331,-16.6314,2013-07-11 18:51:31.060,2013,192.786,65.0391,-16.5832,10.7258,1.9,-12345,-12345,172.272,13.9,15.545055,4.91902,0.11625,0.00375,41.0,6.25,0.0,anginc_corr,ass_5_15,Apr,comment,50,ACl,3.0,8,48.728,0.0588052,1,3.1079495,34,1144.014,-1373568985.0,5.70437,0.721,36.83463494598602,52.63714357968164,12.292045039606377,4.317755148630712,2.846860142938987,2.691883551118224,3.505771430837523
42152,20131017084753640.STOR.4-10.fb1,STOR,65.1331,-16.6314,2013-10-17 08:47:53.640,2013,290.366,65.0149,-16.6638,13.2719,2.0,-12345,-12345,105.164,14.099999,15.357411,3.39393,0.2175,0.00375,44.0,8.5,0.0,anginc_corr,ass_5_16,Apr,comment,25,ACl,4.0,10,61.164,0.0588052,1,2.43426371,34,1345.595,-1381999985.0,6.74229,0.721,36.60497132351816,54.989768620161975,14.827241749326404,5.051168759045529,2.935408111790778,4.3039400713681175,3.619636918689293
42153,20150908081511800.STOR.4-10.fb1,STOR,65.1331,-16.6314,2015-09-08 08:15:11.800,2015,251.344,65.0803,-16.4875,8.96797,2.4,-12345,-12345,175.64,14.7,15.482561,3.50379,0.1,0.003125,24.0,7.75,0.0,anginc_corr,ass_5_16,Apr,comment,25,ACl,4.0,10,28.36,0.0588052,1,5.05674982,20,1664.871,-1441699985.0,7.76543,0.721,42.882915585643545,77.26905761626786,9.764687460550212,3.68027113538668,2.6532521929323165,2.716689757734514,2.6769406554369857
42154,20150923155535540.STOR.4-10.fb1,STOR,65.1331,-16.6314,2015-09-23 15:55:35.540,2015,266.663,65.0345,-16.7912,13.3175,1.8,-12345,-12345,9.573,13.9,15.458238,10.8825,0.1025,0.00125,-41.0,7.75,0.0,anginc_corr,ass_5_15,Apr,comment,25,ACl,4.0,10,50.573,0.0588052,1,4.90286875,38,2132.378,-1443023985.0,6.27297,0.721,36.63399164400132,49.691098981786425,14.936820906185256,5.110755816461394,2.922624645473138,2.005372562061325,3.605230084166647
42155,20130811213805480.STOR.4-10.fb1,STOR,65.1331,-16.6314,2013-08-11 21:38:05.480,2013,223.901,65.0391,-16.5598,11.0111,3.2,-12345,-12345,44.158,14.7,15.30139,3.38814,0.21,0.00375,13.0,5.75,0.0,anginc_corr,ass_5_15,Apr,comment,50,ACl,4.0,10,31.158,0.0588052,1,4.92863083,26,1056.75,-1376256985.0,7.70372,0.721,36.61417448297058,69.64215912522928,12.261070556366574,4.182317264626087,2.93164525323565,5.017979056193411,3.615067519267103
42156,20160120135138560.STOR.4-10.fb1,STOR,65.1331,-16.6314,2016-01-20 13:51:38.560,2016,20.5774,65.0212,-16.6702,12.6168,2.1,-12345,-12345,22.599,14.7,15.329977,3.42858,0.4,0.001875,1.0,4.25,0.0,anginc_corr,ass_5_15,Apr,comment,25,ACl,4.0,10,21.599,0.0588052,1,4.57078362,21,1287.258,-1453297985.0,7.71361,0.721,36.6712593782029,56.0222186621759,14.131153777239009,4.8360509855703775,2.922044002307461,8.257113128445326,3.58673686456921
42157,20140516120756620.STOR.3-8.fb1,STOR,65.1331,-16.6314,2014-05-16 12:07:56.620,2014,136.505,65.022,-16.6702,12.518,2.1,-12345,-12345,155.945,14.7,15.46845,3.71567,0.4,0.003125,-3.0,4.75,0.0,anginc_corr,ass_5_15,Apr,comment,25,ACl,3.0,8,21.055,0.0588052,1,6.66272974,19,754.3413,-1400241985.0,5.70437,0.721,36.6816187175099,56.042866452097314,14.041721259279464,4.809895541756747,2.9193401680717,8.301859941624556,3.581597880953532
42158,20151115185259900.STOR.3-8.fb1,STOR,65.1331,-16.6314,2015-11-15 18:52:59.900,2015,319.787,65.0212,-16.685,12.7373,1.7,-12345,-12345,0.891,13.9,15.320271,3.2606,0.125,0.00375,-43.0,6.75,0.0,anginc_corr,ass_5_15,Apr,comment,25,ACl,3.0,8,43.891,0.0588052,1,3.18202567,31,2502.437,-1447613985.0,6.15234,0.721,36.71573930969182,47.34583131163864,14.38136787041162,4.964426910652421,2.896883795298264,2.51751503986668,3.5646764871239967
42159,20151031085706440.STOR.4-10.fb1,STOR,65.1331,-16.6314,2015-10-31 08:57:06.440,2015,304.373,65.0167,-16.6659,13.0853,2.0,-12345,-12345,162.294,14.3,15.322383,3.06047,0.13,0.004375,41.0,8.25,0.0,anginc_corr,ass_5_15,Apr,comment,25,ACl,4.0,10,58.706,0.0588052,1,3.50509286,29,871.1829,-1446281985.0,7.26041,0.721,36.63050892935476,55.03887187149175,14.63660193170735,4.995682296711142,2.929850431310096,2.60180675502113,3.6069587550347855
42160,20140613123025920.STOR.4-10.fb1,STOR,65.1331,-16.6314,2014-06-13 12:30:25.920,2014,164.521,65.04,-16.5853,10.6072,2.7,-12345,-12345,95.032,14.099999,15.308382,5.01151,0.0475,0.0025,50.0,10.0,0.0,anginc_corr,ass_5_16,Apr,comment,25,ACl,4.0,10,45.032,0.0588052,1,4.03580236,32,3615.584,-1402662985.0,6.29281,0.721,36.7700524809706,61.80026166284354,11.95294754666877,4.133570275522579,2.891676383839305,1.149089742048659,3.537756508134993
42161,20150925054934520.STOR.4-10.fb1,STOR,65.1331,-16.6314,2015-09-25 05:49:34.520,2015,268.243,65.0203,-16.6723,12.7306,2.2,-12345,-12345,179.844,13.9,15.52484,10.425,0.1,0.001875,-51.0,10.0,0.0,anginc_corr,ass_5_15,Apr,comment,25,ACl,4.0,10,50.844,0.0588052,1,3.62910032,30,2226.311,-1443159985.0,6.79996,0.721,36.638283253921166,56.88085708030411,14.219142698329923,4.850060682429482,2.9317453181239994,2.061610791069768,3.6031000196783776
42162,20150914131741400.STOR.4-10.fb1,STOR,65.1331,-16.6314,2015-09-14 13:17:41.400,2015,257.554,65.0167,-16.668,13.0982,2.1,-12345,-12345,120.496,14.3,15.299053,3.24468,0.13,0.00375,-20.0,8.5,0.0,anginc_corr,ass_5_15,Apr,comment,25,ACl,4.0,10,39.504,0.0588052,1,2.90317249,33,2113.686,-1442236985.0,5.85372,0.721,36.60904532912819,55.89838946206564,14.621234080763186,4.978982431381088,2.9365908159486107,2.6105304340106272,3.617614094026293
42163,20140616033856460.STOR.4-10.fb1,STOR,65.1331,-16.6314,2014-06-16 03:38:56.460,2014,167.152,65.0364,-16.7169,11.5122,1.2,-12345,-12345,80.762,13.9,15.468204,4.51685,0.0475,0.001875,34.0,7.0,0.0,anginc_corr,ass_5_16,Apr,comment,25,ACl,4.0,10,46.762,0.0588052,1,3.77429867,34,2966.324,-1402889985.0,6.79899,0.721,36.83237114047387,41.60735983910557,13.360817439945052,4.759120948040511,2.807412878516178,0.9980586252140712,3.506892145670702
42164,20141013144256620.STOR.4-10.fb1,STOR,65.1331,-16.6314,2014-10-13 14:42:56.620,2014,286.613,65.0328,-16.5853,11.3915,2.4,-12345,-12345,91.706,14.5,15.492487,3.36755,0.02625,0.001875,47.0,9.5,0.0,anginc_corr,ass_5_15,Apr,comment,50,ACl,4.0,10,44.706,0.0588052,1,3.77305222,24,3305.55,-1413210985.0,7.10417,0.721,36.748718661660455,59.0479812032471,12.819133283224112,4.417910087141203,2.9016283786615675,0.5941671017126282,3.5483282084499628
42165,20150913181434460.STOR.4-10.fb1,STOR,65.1331,-16.6314,2015-09-13 18:14:34.460,2015,256.76,65.1063,-16.7917,8.10086,2.3,-12345,-12345,90.494,14.7,15.300406,4.50969,0.07,0.0,-43.0,0.75,0.0,anginc_corr,ass_5_15,Apr,comment,25,ACl,4.0,10,46.506,0.0588052,1,357.221344,9,305.7383,-1442167985.0,7.3718,0.721,43.54408277155867,77.73322774460976,8.856737236490913,3.392895844440778,2.610376988436759,2.062914863232379,2.527093557477567
42166,20160126092942600.STOR.4-10.fb1,STOR,65.1331,-16.6314,2016-01-26 09:29:42.600,2016,26.3955,65.0203,-16.6659,12.6885,2.4,-12345,-12345,29.13,14.7,15.345731,3.08656,0.1075,0.00375,64.0,8.0,0.0,anginc_corr,ass_5_15,Apr,comment,25,ACl,4.0,10,34.87,0.0588052,1,5.02126265,21,1477.358,-1453800985.0,8.29044,0.721,36.60095172815165,58.71925927805346,14.12490043699844,4.800242477446746,2.9425389453475046,2.239189488068405,3.621632832297106
42167,20140614161504240.STOR.4-10.fb1,STOR,65.1331,-16.6314,2014-06-14 16:15:04.240,2014,165.677,65.0642,-16.5619,8.34953,3.2,-12345,-12345,173.532,14.7,15.490336,4.32504,0.08,0.0025,57.0,5.5,0.0,anginc_corr,ass_5_15,Apr,comment,25,ACl,4.0,10,63.468,0.0588052,1,8.34115505,21,565.8098,-1402761985.0,7.56173,0.721,36.83435588403957,70.45517140620213,9.58470569194609,3.392500961617647,2.825262483455808,2.357814554100912,3.505909580870192
42168,20150908051215820.STOR.4-10.fb1,STOR,65.1331,-16.6314,2015-09-08 05:12:15.820,2015,251.217,65.0651,-16.4812,10.3667,3.7,-12345,-12345,177.562,14.7,15.402968,3.09721,0.095,0.0025,-31.0,7.75,0.0,anginc_corr,ass_5_15,Apr,comment,25,ACl,4.0,10,28.562,0.0588052,1,6.96191359,31,429.8597,-1441688985.0,6.84862,0.721,36.27202219348664,84.89279939672907,11.60553655809464,3.959534074339194,2.931035909832772,2.398927006208851,3.785313004696275
42169,20131108003021480.STOR.3-8.fb1,STOR,65.1331,-16.6314,2013-11-08 00:30:21.480,2013,312.021,65.0203,-16.6702,12.7158,2.0,-12345,-12345,29.043,14.5,15.550002,3.24033,0.04,0.02625,9.0,6.75,0.0,anginc_corr,ass_5_15,Apr,comment,25,ACl,3.0,8,20.043,0.0588052,1,4.11819601,30,2265.546,-1383870985.0,4.25,0.721,36.67682571145264,55.12804124927142,14.260302519838316,4.885851294907573,2.918693521168266,0.8186767740966161,3.5839754735595326
42170,20151221210316940.STOR.4-10.fb1,STOR,65.1331,-16.6314,2015-12-21 21:03:16.940,2015,355.877,65.0194,-16.668,12.8008,2.4,-12345,-12345,146.596,14.7,15.276897,3.47185,0.195,0.018125,-7.0,5.0,0.0,anginc_corr,ass_5_16,Apr,comment,25,ACl,4.0,10,26.404,0.0588052,1,8.10503864,25,1870.096,-1450731985.0,6.56703,0.721,36.58493919782604,58.68378659685648,14.239215363336749,4.833493691868458,2.945946818404219,4.032708669388541,3.6295848208352632
42171,20131029121307940.STOR.4-10.fb1,STOR,65.1331,-16.6314,2013-10-29 12:13:07.940,2013,302.509,65.0212,-16.6638,12.5769,2.0,-12345,-12345,86.149,14.3,15.315917,5.31452,0.0525,0.00125,42.0,3.25,0.0,anginc_corr,ass_5_15,Apr,comment,25,ACl,4.0,10,44.149,0.0588052,1,8.57051754,31,1680.837,-1383048985.0,6.5918,0.721,36.69278271115807,55.158795466969785,14.119225850572745,4.844573484644124,2.9144414663801768,1.0836549159023434,3.57606050520989
42172,20151009092954160.STOR.4-10.fb1,STOR,65.1331,-16.6314,2015-10-09 09:29:54.160,2015,282.396,65.0176,-16.6701,13.0127,1.9,-12345,-12345,169.99,13.9,15.52609,3.81417,0.1075,0.005,30.0,7.75,0.0,anginc_corr,ass_5_15,Apr,comment,25,ACl,4.0,10,40.01,0.0588052,1,2.46542001,27,2813.345,-1444382985.0,6.29664,0.721,36.657428203504864,52.32802737931964,14.592264915273082,4.995782350302179,2.920916863880277,2.1515660889434685,3.593599208874494
42173,20130923075420180.STOR.3-8.fb1,STOR,65.1331,-16.6314,2013-09-23 07:54:20.180,2013,266.329,65.0229,-16.6702,12.4191,2.5,-12345,-12345,3.075,13.9,15.421311,4.66396,0.1075,0.00375,-39.0,8.75,0.0,anginc_corr,ass_5_15,Apr,comment,25,ACl,3.0,8,42.075,0.0588052,1,2.93669891,24,2274.872,-1379922985.0,7.45739,0.721,36.61352485824431,59.74647777060596,13.837067135419932,4.705811625311153,2.940420959690458,2.284111380308218,3.6153900422276006
42174,20131007023821360.STOR.4-10.fb1,STOR,65.1331,-16.6314,2013-10-07 02:38:21.360,2013,280.11,65.0229,-16.6702,12.4191,2.3,-12345,-12345,146.612,14.3,15.49759,3.58371,0.3825,0.004375,8.0,8.0,0.0,anginc_corr,ass_5_15,Apr,comment,25,ACl,4.0,10,41.388,0.0588052,1,2.40956664,26,2161.039,-1381112985.0,6.00961,0.721,36.65660489969634,57.86782505622335,13.886927601617227,4.741790791815461,2.9286251147112337,8.053492972975462,3.594007730359044
42175,20130929130915260.STOR.3-8.fb1,STOR,65.1331,-16.6314,2013-09-29 13:09:15.260,2013,272.548,65.0203,-16.685,12.8353,2.0,-12345,-12345,177.271,13.9,15.28667,3.11605,0.1125,0.005,-49.0,7.25,0.0,anginc_corr,ass_5_15,Apr,comment,25,ACl,3.0,8,46.271,0.0588052,1,2.75714946,32,2009.33,-1380459985.0,6.09741,0.721,36.66266220280414,55.10075815175605,14.380179349974757,4.920883249818208,2.922276067107669,2.2858763016472494,3.5910022124516967
42176,20131023160859900.STOR.4-10.fb1,STOR,65.1331,-16.6314,2013-10-23 16:08:59.900,2013,296.673,65.0229,-16.6659,12.3911,2.0,-12345,-12345,93.394,13.9,15.437295,3.57604,0.0525,0.00125,-42.0,4.25,0.0,anginc_corr,ass_5_15,Apr,comment,25,ACl,4.0,10,44.606,0.0588052,1,8.77442646,31,3107.804,-1382544985.0,8.79979,0.721,36.71178628555659,55.19544403503331,13.941502745198791,4.79249719200102,2.909026794729904,1.0954294377626184,3.566636522027153
42177,20151019124147040.STOR.4-10.fb1,STOR,65.1331,-16.6314,2015-10-19 12:41:47.040,2015,292.529,65.0203,-16.6702,12.7158,2.1,-12345,-12345,156.127,14.5,15.403627,4.00467,0.2675,0.01875,-2.0,4.5,0.0,anginc_corr,ass_5_15,Apr,comment,25,ACl,4.0,10,21.873,0.0588052,1,6.92774773,23,1714.265,-1445257985.0,8.16176,0.721,36.65922771960072,55.99824804051509,14.23184449647955,4.865472736129451,2.9250692108083154,5.493775738445095,3.5927063082746544
42178,20151215182655680.STOR.4-10.fb1,STOR,65.1331,-16.6314,2015-12-15 18:26:55.680,2015,349.769,65.0239,-16.6299,12.1834,0.8,-12345,-12345,153.049,14.5,15.365549,3.55068,0.1525,0.00375,-63.0,8.5,0.0,anginc_corr,ass_5_15,Apr,comment,25,ACl,4.0,10,36.049,0.0588052,1,3.70403934,27,1496.929,-1450203985.0,7.26041,0.721,36.81920093713309,39.87494795427349,14.21409999315042,5.096879925542947,2.7887845507045683,2.9913572057111537,3.513412816732803
42179,20150725034317040.STOR.3-8.fb1,STOR,65.1331,-16.6314,2015-07-25 03:43:17.040,2015,206.155,65.022,-16.668,12.5037,2.0,-12345,-12345,174.773,13.9,15.482485,3.26614,0.12,0.002812,44.0,7.25,0.0,anginc_corr,ass_5_16,Apr,comment,50,ACl,3.0,8,49.227,0.0588052,1,2.83074427,30,1569.546,-1437795985.0,5.91346,0.721,36.69973668945832,55.17220342012948,14.055510830521808,4.825913401361118,2.9125078843224874,2.4861916610277035,3.572611716578704
42180,20130815170548720.STOR.2-6.fb1,STOR,65.1331,-16.6314,2013-08-15 17:05:48.720,2013,227.712,65.0221,-16.6596,12.4546,-0.6,-12345,-12345,106.337,14.7,15.494676,3.08221,0.05625,0.004687,-40.0,7.25,0.0,anginc_corr,ass_5_15,Apr,comment,50,ACl,2.0,6,33.663,0.0588052,1,4.13395405,37,1667.627,-1376585985.0,5.44085,0.721,43.45002447842557,41.21747822838033,14.234476677995191,5.71174625409662,2.492140939872082,0.9847887791892164,2.5480722945622816
42181,20150923203811620.STOR.4-10.fb1,STOR,65.1331,-16.6314,2015-09-23 20:38:11.620,2015,266.86,65.118,-16.5086,6.00903,4.1,-12345,-12345,2.979,14.099999,15.50743,9.31874,0.085,0.0025,-39.0,7.0,0.0,anginc_corr,ass_5_15,Apr,comment,25,ACl,4.0,10,41.979,0.0588052,1,2.36776114,46,884.2402,-1443040985.0,6.64598,0.721,34.29203932681312,104.6084638901323,7.465765491522268,2.7026998490398007,2.7623361484904296,3.144226020732077,4.1
42182,20150928102055840.STOR.4-10.fb1,STOR,65.1331,-16.6314,2015-09-28 10:20:55.840,2015,271.431,65.0167,-16.668,13.0982,2.3,-12345,-12345,177.363,13.9,15.52887,5.16329,0.0925,0.00375,-45.0,7.75,0.0,anginc_corr,ass_5_15,Apr,comment,25,ACl,4.0,10,42.363,0.0588052,1,2.60427499,35,2641.804,-1443435985.0,5.9309,0.721,36.56476588136669,57.67176013464237,14.568010913922224,4.940115975945549,2.948920831991981,1.87226158854088,3.6396054472570887
42183,20140614213807700.STOR.3-8.fb1,STOR,65.1331,-16.6314,2014-06-14 21:38:07.700,2014,165.901,65.0247,-16.685,12.3455,2.1,-12345,-12345,6.341,14.099999,15.357059,3.16488,0.105,0.004375,40.0,7.25,0.0,anginc_corr,ass_5_15,Apr,comment,25,ACl,3.0,8,33.659,0.0588052,1,3.14058328,27,1898.52,-1402781985.0,6.06652,0.721,36.70122073512923,56.081958999879056,13.864635550637978,4.758041499927392,2.9139374994626577,2.2065217288243844,3.5718757523971307
42184,20131017103431520.STOR.4-10.fb1,STOR,65.1331,-16.6314,2013-10-17 10:34:31.520,2013,290.44,65.0176,-16.6574,12.942,1.7,-12345,-12345,37.921,14.7,15.448396,3.19654,0.335,0.0025,10.0,5.0,0.0,anginc_corr,ass_5_15,Apr,comment,25,ACl,4.0,10,27.921,0.0588052,1,5.01521301,34,1056.025,-1382005985.0,7.48782,0.721,36.69340663201005,47.31333401037347,14.59152399749485,5.025984980187756,2.9032167933278927,6.657973495769909,3.575751062235989
42185,20150914141649460.STOR.4-10.fb1,STOR,65.1331,-16.6314,2015-09-14 14:16:49.460,2015,257.595,65.0283,-16.685,11.9543,2.0,-12345,-12345,175.92,13.9,15.437295,4.87145,0.1,0.0025,47.0,6.75,0.0,anginc_corr,ass_5_15,Apr,comment,25,ACl,4.0,10,51.08,0.0588052,1,3.91417289,27,2020.65,-1442239985.0,8.83413,0.721,36.75393778716057,55.27682178431232,13.496804851476336,4.661835702099056,2.895169567086891,2.144831041654527,3.545741666132863
42186,20130922124248940.STOR.4-10.fb1,STOR,65.1331,-16.6314,2013-09-22 12:42:48.940,2013,265.53,65.022,-16.6659,12.4903,1.5,-12345,-12345,0.247,14.099999,15.338674,3.30553,0.1,0.003125,-36.0,7.25,0.0,anginc_corr,ass_5_16,Apr,comment,25,ACl,4.0,10,36.247,0.0588052,1,3.64916706,25,2943.431,-1379853985.0,7.21875,0.721,36.75703985906348,42.76305831226896,14.222651091936784,4.953955181905689,2.87096886622733,2.0183835268639427,3.544204396119964
42187,20150923191144280.STOR.4-10.fb1,STOR,65.1331,-16.6314,2015-09-23 19:11:44.280,2015,266.8,65.0158,-16.6617,13.1613,2.1,-12345,-12345,159.109,14.7,15.275647,3.19199,0.295,0.003125,-61.0,8.5,0.0,anginc_corr,ass_5_15,Apr,comment,25,ACl,4.0,10,40.109,0.0588052,1,5.07736444,14,354.4586,-1443035985.0,7.11638,0.721,36.60006787033571,55.88054535942604,14.686505027077429,4.997966263186855,2.938496231007543,5.897268975849812,3.622071722222064
42188,20160116143612500.STOR.4-10.fb1,STOR,65.1331,-16.6314,2016-01-16 14:36:12.500,2016,16.6084,65.0776,-16.4939,8.94837,4.0,-12345,-12345,11.49,13.9,15.513751,3.60085,0.1125,0.0025,52.0,5.0,0.0,anginc_corr,ass_5_15,Apr,comment,25,ACl,4.0,10,40.51,0.0588052,1,4.85805273,29,1879.035,-1452954985.0,6.2779,0.721,35.84075785202659,91.07682224416136,10.243832525043048,3.543126029309149,2.8911849141986137,3.1743623765628115,4.0
42189,20131119160233120.STOR.3-8.fb1,STOR,65.1331,-16.6314,2013-11-19 16:02:33.120,2013,323.668,65.0212,-16.6617,12.5651,2.7,-12345,-12345,45.366,14.7,15.381196,3.17344,0.0575,0.01875,-68.0,8.25,0.0,anginc_corr,ass_5_15,Apr,comment,25,ACl,3.0,8,66.634,0.0588052,1,13.4792433,23,2382.538,-1384876985.0,6.92121,0.721,36.54210755504212,61.235706140063854,13.92982627767037,4.712441216013559,2.9559681785174954,1.2201289594287346,3.650863565235187
42190,20130926210723860.STOR.3-8.fb1,STOR,65.1331,-16.6314,2013-09-26 21:07:23.860,2013,269.88,65.0149,-16.6701,13.3098,1.9,-12345,-12345,177.128,14.7,15.458681,3.60546,0.12,0.02125,67.0,7.25,0.0,anginc_corr,ass_5_15,Apr,comment,25,ACl,3.0,8,69.872,0.0588052,1,7.56319332,14,941.6963,-1380229985.0,7.23684,0.721,36.61863485153854,52.26055035349548,14.895183733514273,5.084064511970402,2.929778663988949,2.3599875865713216,3.612853127558848
42191,20130711104454020.STOR.4-10.fb1,STOR,65.1331,-16.6314,2013-07-11 10:44:54.020,2013,192.448,65.0669,-16.7085,8.22794,1.7,-12345,-12345,16.535,14.099999,15.515688,5.60539,0.09375,0.00375,-39.0,6.25,0.0,anginc_corr,ass_5_16,Apr,comment,50,ACl,4.0,10,55.535,0.0588052,1,4.1164465,31,683.272,-1373538985.0,6.96023,0.721,44.85006311051775,60.17961545580864,8.989569291586692,3.512017389224125,2.559659675709256,2.66893055001276,2.2967481550328817
42192,20150923213129400.STOR.4-10.fb1,STOR,65.1331,-16.6314,2015-09-23 21:31:29.400,2015,266.897,65.022,-16.6702,12.518,1.9,-12345,-12345,174.161,13.9,15.445276,23.7184,0.0875,0.0025,39.0,4.75,0.0,anginc_corr,ass_5_15,Apr,comment,25,ACl,4.0,10,44.839,0.0588052,1,4.69304514,41,742.7947,-1443043985.0,7.79297,0.721,36.712808744694826,52.42447577869758,14.10094597902107,4.852043314774895,2.906187159558625,1.8032173553407915,3.5661295446472607
42193,20150821210747580.STOR.2-3.fb1,STOR,65.1331,-16.6314,2015-08-21 21:07:47.580,2015,233.88,65.0212,-16.6702,12.6168,2.0,-12345,-12345,60.475,14.5,15.476913,3.03708,0.105,0.00875,-59.0,7.5,0.0,anginc_corr,ass_5_15,Apr,comment,50,ACl,2.0,3,60.525,0.0588052,1,7.2531209,29,301.6355,-1440190985.0,2.8776,0.721,36.688285021799416,55.15012523457063,14.15968674848614,4.856417520344644,2.915665032746458,2.161834964617526,3.5782912764993027
42194,20150806091434620.STOR.2-3.fb1,STOR,65.1331,-16.6314,2015-08-06 09:14:34.620,2015,218.385,65.0212,-16.6702,12.6168,2.1,-12345,-12345,31.994,14.099999,16.044165,4.48628,0.305,0.0125,6.0,6.0,0.0,anginc_corr,ass_5_15,Apr,comment,50,ACl,2.0,3,25.994,0.0588052,1,6.47398424,19,556.2385,-1438851985.0,2.60882,0.721,36.6712593782029,56.0222186621759,14.131153777239009,4.8360509855703775,2.922044002307461,6.300539692529128,3.58673686456921
42195,20140518062022040.STOR.3-8.fb1,STOR,65.1331,-16.6314,2014-05-18 06:20:22.040,2014,138.264,65.0337,-16.6935,11.4643,1.9,-12345,-12345,153.301,14.7,15.482561,3.05705,0.18,0.00375,-2.0,6.0,0.0,anginc_corr,ass_5_16,Apr,comment,25,ACl,3.0,8,24.699,0.0588052,1,7.14714909,22,2211.0,-1400393985.0,7.21875,0.721,36.800610341286976,52.57767827417915,13.03186424567375,4.537147860804243,2.872259103181124,3.965690239203923,3.5226190765789145
42196,20150919092209060.STOR.4-10.fb1,STOR,65.1331,-16.6314,2015-09-19 09:22:09.060,2015,262.39,65.0561,-16.4961,10.6878,2.8,-12345,-12345,169.036,13.9,15.357411,4.22716,0.11,0.004375,-52.0,8.75,0.0,anginc_corr,ass_5_16,Apr,comment,25,ACl,4.0,10,41.036,0.0588052,1,2.27620554,29,2060.092,-1442654985.0,6.5625,0.721,36.74778396760041,62.623985132685824,12.00701379386285,4.140543587642442,2.899864121633229,2.656187418635625,3.5487914513230905
42197,20150925190925800.STOR.4-10.fb1,STOR,65.1331,-16.6314,2015-09-25 19:09:25.800,2015,268.798,65.031,-16.6851,11.6613,1.8,-12345,-12345,81.843,14.5,15.418096,26.3892,0.0375,0.005625,53.0,10.0,0.0,anginc_corr,ass_5_15,Apr,comment,25,ACl,4.0,10,28.843,0.0588052,1,3.44311953,27,669.3803,-1443207985.0,7.06169,0.721,36.79585031428128,49.94809978738104,13.267314507688877,4.620699367041008,2.8712784480902003,0.8115520956465616,3.5249766517649785
