,1event,stat,slat,slon,5cuspid,year,doy_det,evla,evlo,10dist(ev-stat),depthkm,mag,baz,spol,wbeg,wend,20SNR,tlag,Dtlag,fast,Dfast,25anginc,anginc_corr,type_ini,timestamp,comment,30nyquist,gradeABCNR,filt_lo,filt_HI,spol-fast,35bandang,pickgrade,lambdamax,ndf,lambda2_min,40ttime,maxfreq,Elev,anginc_epi,takeoff_ang_epi,path_length_source_to_station_km,traveltime_source_to_station_s,v_avg_source_to_station_kms,SWA_source_to_station,max_ray_depth_km
38063,20130411124354380.MVET.4-10.fb1,MVET,65.0135,-16.8126,2013-04-11 12:43:54.380,2013,101.53,65.0212,-16.6659,6.96671,2.1,-12345,-12345,58.239,14.3,15.362064,3.31441,0.05625,0.002812,6.0,6.75,0.0,anginc_corr,ass_5_15,Apr,comment,50,ACl,4.0,10,52.239,0.0588052,1,4.25174093,40,680.4061,-1365683985.0,7.73438,1.16,44.9212985860102,78.66083551719657,7.655673884562754,3.0174005988658856,2.53717517237857,1.864025409086878,2.284924286750325
38064,20130523033732220.MVET.4-10.fb1,MVET,65.0135,-16.8126,2013-05-23 03:37:32.220,2013,143.151,65.0203,-16.6702,6.75658,2.5,-12345,-12345,70.171,14.3,15.554744,3.18459,0.06,0.006563,2.0,9.5,0.0,anginc_corr,ass_5_16,Apr,comment,50,ACl,4.0,10,68.171,0.0588052,1,3.08469105,39,1460.596,-1369279985.0,5.80357,1.16,43.52628305623092,85.9042455633736,7.50404282735489,2.92320064134317,2.567063896068005,2.052328570015049,2.5310610939787086
38065,20120925035334680.MVET.1-8.fb1,MVET,65.0135,-16.8126,2012-09-25 03:53:34.680,2012,269.162,65.0139,-16.7762,1.71653,1.9,-12345,-12345,120.668,14.7,15.680246,12.7028,0.075,0.005,-85.0,5.25,0.0,anginc_corr,ass_5_15,Apr,comment,50,ACl,1.0,8,25.668,0.0588052,1,34.6675949,27,195014.0,-1348544985.0,3.2197,1.16,37.142966132459534,126.8214663223789,2.561402860878364,1.159649122043367,2.20877402672028,6.460724565065945,1.9
38066,20130118094337040.MVET.3-8.fb1,MVET,65.0135,-16.8126,2013-01-18 09:43:37.040,2013,18.4051,65.0229,-16.6723,6.69707,2.3,-12345,-12345,0.108,13.9,15.696206,4.74676,0.05625,0.006563,28.0,9.75,0.0,anginc_corr,ass_5_15,Apr,comment,50,ACl,3.0,8,27.892,0.0588052,1,3.23832011,32,7747.679,-1358501985.0,3.50477,1.16,44.30036452265845,82.16066013462147,7.406713380052181,2.9107063275977705,2.5446446829161915,1.932340223243045,2.389536298609449
38067,20120725222958260.MVET.4-10.fb1,MVET,65.0135,-16.8126,2012-07-25 22:29:58.260,2012,207.937,64.976,-16.9051,6.04473,4.1,-12345,-12345,168.3,14.5,15.345731,5.57774,0.02625,0.002812,52.0,5.0,0.0,anginc_corr,ass_5_15,Apr,comment,50,ACl,4.0,10,63.7,0.0588052,1,7.58557844,34,5266.848,-1343254985.0,9.14229,1.16,34.33666633797887,104.35530692641822,7.5020585027177695,2.713949012556119,2.764259191314723,0.9672026250001408,4.1
38068,20130118102101520.MVET.4-10.fb1,MVET,65.0135,-16.8126,2013-01-18 10:21:01.520,2013,18.4311,65.022,-16.6702,6.78132,2.3,-12345,-12345,108.585,14.7,15.632894,3.02789,0.33375,0.002812,67.0,5.75,0.0,anginc_corr,ass_5_15,Apr,comment,50,ACl,4.0,10,41.585,0.0588052,1,2.99357319,38,1359.901,-1358503985.0,4.58777,1.16,44.24966369669922,81.79177040828455,7.49250042925555,2.939462983238095,2.548935119095072,11.317755579224452,2.39820784488062
38069,20130620214137000.MVET.1-8.fb1,MVET,65.0135,-16.8126,2013-06-20 21:41:37.000,2013,171.904,65.022,-16.6787,6.38541,2.4,-12345,-12345,44.534,13.9,15.541988,3.4066,0.195,0.006563,-75.0,6.5,0.0,anginc_corr,ass_5_15,Apr,comment,50,ACl,1.0,8,60.466,0.0588052,1,5.86555004,50,8393.442,-1371763985.0,3.50477,1.16,44.01103241932037,84.81304315347403,7.106867539554393,2.79851892490838,2.5395102660551294,6.95953409789567,2.4394597605753887
38070,20121204145548940.MVET.3-8.fb1,MVET,65.0135,-16.8126,2012-12-04 14:55:48.940,2012,339.622,65.0865,-16.7979,8.16974,2.0,-12345,-12345,171.261,14.099999,15.606165,9.32129,0.13125,0.0075,17.0,6.5,0.0,anginc_corr,ass_5_15,Apr,comment,50,ACl,3.0,8,25.739,0.0588052,1,4.33199406,49,8101.596,-1354632985.0,4.67936,1.16,44.22256294302733,73.33336196451837,8.919856769252524,3.446749940607051,2.587903655024517,3.806555665131128,2.402846052540945
38071,20121026070527720.MVET.3-8.fb1,MVET,65.0135,-16.8126,2012-10-26 07:05:27.720,2012,300.295,65.0481,-16.5195,14.3394,0.7,-12345,-12345,8.684,14.7,15.621303,3.99713,0.05625,0.00375,-49.0,5.75,0.0,anginc_corr,ass_5_15,Apr,comment,50,ACl,3.0,8,57.684,0.0588052,1,12.7472162,23,3250.221,-1351234985.0,3.80609,1.16,36.63355355560692,39.22652380343916,16.431751797832273,5.770648871844399,2.8474703907223526,0.9747372462470594,3.605447528247143
38072,20130411062326820.MVET.4-10.fb1,MVET,65.0135,-16.8126,2013-04-11 06:23:26.820,2013,101.266,65.0176,-16.6532,7.52888,2.8,-12345,-12345,18.023,13.9,15.498499,7.43407,0.12375,0.001875,54.0,6.5,0.0,anginc_corr,ass_5_15,Apr,comment,50,ACl,4.0,10,35.977,0.0588052,1,4.47318888,49,2294.104,-1365660985.0,4.26136,1.16,42.25979760018112,86.50281800497311,8.353205771636723,3.177451695678566,2.628900946943536,3.893154670836197,2.823194420861059
38073,20121103004045740.MVET.3-8.fb1,MVET,65.0135,-16.8126,2012-11-03 00:40:45.740,2012,308.028,65.0382,-16.5662,11.9345,1.3,-12345,-12345,176.896,13.9,15.537184,3.79869,0.2025,0.005625,61.0,6.25,0.0,anginc_corr,ass_5_15,Apr,comment,50,ACl,3.0,8,64.104,0.0588052,1,4.52051163,31,33400.21,-1351902985.0,3.80609,1.16,36.80995078773024,41.993973730256265,13.734118183783746,4.849565205628573,2.832030831927665,4.173813507531321,3.517993309204348
38074,20130314195706900.MVET.0.5-5.fb1,MVET,65.0135,-16.8126,2013-03-14 19:57:06.900,2013,73.8312,65.0902,-16.4874,17.5353,0.9,-12345,-12345,62.506,14.3,19.266163,3.79312,0.4,0.026563,19.0,7.25,0.0,anginc_corr,ass_5_24,Apr,comment,50,ACl,0.5,5,43.506,0.0588052,1,36.1381111,21,28521.38,-1363290985.0,0.585938,1.16,35.965030131718166,39.35552581796168,19.65507421291741,6.638711921952933,2.960675872667692,6.01980661281516,3.939961460511091
38075,20120717021616380.MVET.2-3.fb1,MVET,65.0135,-16.8126,2012-07-17 02:16:16.380,2012,199.095,65.031,-16.6893,6.13062,2.3,-12345,-12345,126.039,14.5,16.199085,3.05057,0.105,0.01375,-22.0,10.0,0.0,anginc_corr,ass_5_16,Apr,comment,50,ACl,2.0,3,31.961,0.0588052,1,7.48064756,27,188.1734,-1342490985.0,2.24185,1.16,44.59138109557459,84.7455147380665,6.826337450375395,2.7144323544272795,2.514830564571461,3.866766145146272,2.3400833450383667
38076,20130309010312760.MVET.3-8.fb1,MVET,65.0135,-16.8126,2013-03-09 01:03:12.760,2013,68.0438,65.0866,-16.4917,17.1677,0.8,-12345,-12345,26.874,13.9,15.706286,3.54521,0.25125,0.004687,84.0,7.5,0.0,anginc_corr,ass_5_15,Apr,comment,50,ACl,3.0,8,57.126,0.0588052,1,6.28087521,24,2206.173,-1362790985.0,4.17878,1.16,36.07233306700336,39.04249389962301,19.30501496168543,6.566730194343348,2.939821553551108,3.8247058747089113,3.8850394656543727
38077,20121215153058220.MVET.4-10.fb1,MVET,65.0135,-16.8126,2012-12-15 15:30:58.220,2012,350.646,65.0229,-16.6702,6.7959,2.3,-12345,-12345,67.617,13.9,15.482561,3.03148,0.02625,0.00375,-82.0,8.5,0.0,anginc_corr,ass_5_16,Apr,comment,50,ACl,4.0,10,30.383,0.0588052,1,3.44801807,42,1756.823,-1355584985.0,7.50593,1.16,44.24050410701475,81.72683655820792,7.507660923042343,2.94453749748502,2.549691056559736,0.8914635488849854,2.3997752404908104
38078,20121026192956140.MVET.3-8.fb1,MVET,65.0135,-16.8126,2012-10-26 19:29:56.140,2012,300.812,65.0481,-16.5216,14.2431,0.8,-12345,-12345,24.013,14.3,15.557776,3.45026,0.0375,0.004687,-32.0,9.25,0.0,anginc_corr,ass_5_15,Apr,comment,50,ACl,3.0,8,56.013,0.0588052,1,8.7125597,36,3385.398,-1351279985.0,4.08793,1.16,36.63522606973773,39.66970969194544,16.289388896470427,5.70639017140361,2.854587297255158,0.6571509135653741,3.604617386684852
38079,20121028115143700.MVET.3-8.fb1,MVET,65.0135,-16.8126,2012-10-28 11:51:43.700,2012,302.494,65.0409,-16.545,12.9769,0.9,-12345,-12345,106.248,14.5,15.565224,4.05601,0.075,0.002812,46.0,5.25,0.0,anginc_corr,ass_5_15,Apr,comment,50,ACl,3.0,8,60.248,0.0588052,1,13.3134136,36,3740.001,-1351424985.0,3.80609,1.16,36.76244122822327,40.2580748983738,14.959458852481989,5.29506428794461,2.8251703924616205,1.4163423638223094,3.5415278293382384
38080,20130529113649060.MVET.4-10.fb1,MVET,65.0135,-16.8126,2013-05-29 11:36:49.060,2013,149.484,65.0489,-16.5025,15.1374,2.1,-12345,-12345,174.645,13.9,15.553119,3.00775,0.11625,0.03,64.0,8.75,0.0,anginc_corr,ass_5_16,Apr,comment,50,ACl,4.0,10,69.355,0.0588052,1,3.63676667,37,10854.84,-1369826985.0,5.40597,1.16,36.24503395396545,55.17967143587771,16.69902429929041,5.576507091327944,2.994531169028576,2.0844118208913187,3.798773497025807
38081,20130108060844340.MVET.4-10.fb1,MVET,65.0135,-16.8126,2013-01-08 06:08:44.340,2013,8.25593,65.0149,-16.6659,6.9175,2.1,-12345,-12345,31.475,14.7,15.637763,4.65261,0.39,0.00375,-33.0,8.75,0.0,anginc_corr,ass_5_16,Apr,comment,50,ACl,4.0,10,64.475,0.0588052,1,2.89920807,29,8934.553,-1357624985.0,4.85157,1.16,44.95907197348869,78.85123673303528,7.602915309616823,2.9996788531347702,2.534576426963676,12.94690865880206,2.2786604947691007
38082,20121027111224000.MVET.2-6.fb1,MVET,65.0135,-16.8126,2012-10-27 11:12:24.000,2012,301.467,65.0409,-16.545,12.9769,1.0,-12345,-12345,168.256,14.3,15.510831,3.31852,0.175,0.00875,55.0,5.75,0.0,anginc_corr,ass_5_15,Apr,comment,50,ACl,2.0,6,66.744,0.0588052,1,6.0360136,27,7833.442,-1351335985.0,3.21692,1.16,36.755178563792384,40.69915047442457,14.914409284546466,5.260171614950681,2.8353465202838826,3.3259675974875336,3.545126776501588
38083,20130704153008840.MVET.3-8.fb1,MVET,65.0135,-16.8126,2013-07-04 15:30:08.840,2013,185.646,65.0382,-16.5832,11.1574,2.0,-12345,-12345,67.401,14.5,15.769631,4.59831,0.12375,0.00375,24.0,6.75,0.0,anginc_corr,ass_5_16,Apr,comment,50,ACl,3.0,8,43.401,0.0588052,1,10.2586117,36,1991.188,-1372951985.0,3.66982,1.16,36.81083607900925,55.3868638065009,12.68341258883208,4.421632597975086,2.86849083631248,2.7981921511866403,3.517554906383401
38084,20121021195618220.MVET.1-8.fb1,MVET,65.0135,-16.8126,2012-10-21 19:56:18.220,2012,295.831,65.0472,-16.5258,14.0236,0.9,-12345,-12345,106.608,13.9,16.05761,3.51718,0.25,0.00875,-33.0,8.75,0.0,anginc_corr,ass_5_16,Apr,comment,50,ACl,1.0,8,40.392,0.0588052,1,2.09838915,46,216387.3,-1350848985.0,2.27864,1.16,36.65244897500844,40.13342460060908,16.023371189152925,5.606556322735095,2.8579702524661528,4.456850847818572,3.596069957456264
38085,20121026102445840.MVET.3-8.fb1,MVET,65.0135,-16.8126,2012-10-26 10:24:45.840,2012,300.434,65.0481,-16.5216,14.2431,0.6,-12345,-12345,11.983,14.7,15.644262,3.02965,0.06375,0.001875,-48.0,5.0,0.0,anginc_corr,ass_5_15,Apr,comment,50,ACl,3.0,8,59.983,0.0588052,1,11.9878941,36,1248.038,-1351246985.0,3.89648,1.16,36.65629548485075,38.81255538274559,16.380878537711673,5.779116796398686,2.8344951512174976,1.103076179413165,3.5941612624338566
38086,20121122000846880.MVET.4-10.fb1,MVET,65.0135,-16.8126,2012-11-22 00:08:46.880,2012,327.006,65.0158,-16.6595,7.22007,2.4,-12345,-12345,40.416,14.7,15.341584,3.60019,0.05625,0.001875,-13.0,6.5,0.0,anginc_corr,ass_5_16,Apr,comment,50,ACl,4.0,10,53.416,0.0588052,1,7.16791058,25,8466.362,-1353542985.0,6.62412,1.16,43.643588080462415,81.60039492888487,7.966524575633223,3.0865779092695256,2.5810217042337977,1.8222553273957944,2.504935523080209
38087,20130307090809620.MVET.4-10.fb1,MVET,65.0135,-16.8126,2013-03-07 09:08:09.620,2013,66.3805,65.0149,-16.6659,6.9175,2.2,-12345,-12345,151.773,13.9,15.552126,8.3489,0.02625,0.004687,-3.0,7.75,0.0,anginc_corr,ass_5_16,Apr,comment,50,ACl,4.0,10,25.227,0.0588052,1,3.73693895,40,17495.85,-1362646985.0,6.06618,1.16,44.570781536623215,80.0439987036606,7.618081158942602,2.993134840061681,2.5451847531151026,0.8769900680448472,2.343554122002532
38088,20121021111232960.MVET.2-6.fb1,MVET,65.0135,-16.8126,2012-10-21 11:12:32.960,2012,295.467,65.0463,-16.5301,13.8042,1.0,-12345,-12345,175.594,14.7,15.494382,3.0525,0.29,0.005,57.0,9.5,0.0,anginc_corr,ass_5_16,Apr,comment,50,ACl,2.0,6,61.406,0.0588052,1,13.2281084,29,437.5508,-1350817985.0,3.30882,1.16,36.66929438749781,40.60026344383096,15.753556361257822,5.505956654519743,2.8611842318675005,5.263375115012536,3.587711720543478
38089,20130316021950660.MVET.1-8.fb1,MVET,65.0135,-16.8126,2013-03-16 02:19:50.660,2013,75.097,65.0848,-16.5002,16.7207,0.9,-12345,-12345,132.095,13.9,15.743781,4.94159,0.1,0.01,71.0,9.5,0.0,anginc_corr,ass_5_15,Apr,comment,50,ACl,1.0,8,61.095,0.0588052,1,3.52450776,34,684352.6,-1363399985.0,3.27436,1.16,36.16093525642604,39.57702116851562,18.79408761168884,6.400302662453745,2.9364373222443154,1.562330769027653,3.840747859193785
38090,20130629021751480.MVET.2-6.fb1,MVET,65.0135,-16.8126,2013-06-29 02:17:51.480,2013,180.096,65.0203,-16.668,6.85598,2.3,-12345,-12345,34.842,14.7,15.853145,5.47237,0.09,0.01,-22.0,10.0,0.0,anginc_corr,ass_5_15,Apr,comment,50,ACl,2.0,6,56.842,0.0588052,1,5.78674412,26,22426.36,-1372471985.0,2.4375,1.16,44.20119229760341,81.45360002987331,7.57477300051313,2.966888059376268,2.553103739985924,3.032783954014917,2.4065212295841167
38091,20130227235231860.MVET.3-8.fb1,MVET,65.0135,-16.8126,2013-02-27 23:52:31.860,2013,58.9947,65.0203,-16.6595,7.2538,2.2,-12345,-12345,130.405,13.9,15.967092,3.74176,0.16,0.00375,-85.0,6.25,0.0,anginc_corr,ass_5_15,Apr,comment,50,ACl,3.0,8,35.405,0.0588052,1,3.87701535,44,9968.029,-1362008985.0,2.82867,1.16,44.32447134751521,78.70554535794035,7.971968084838651,3.110806830858364,2.5626689531985334,5.139963096755196,2.385415845996577
38092,20130309023939120.MVET.2-6.fb1,MVET,65.0135,-16.8126,2013-03-09 02:39:39.120,2013,68.1108,65.0857,-16.4938,17.0323,0.9,-12345,-12345,27.649,14.099999,15.847678,3.33049,0.25,0.00625,84.0,6.5,0.0,anginc_corr,ass_5_15,Apr,comment,50,ACl,2.0,6,56.351,0.0588052,1,5.78806734,23,4914.085,-1362796985.0,2.53906,1.16,36.08418076693936,39.49022227981521,19.11977945084892,6.491645662221748,2.945290061365614,3.8496767681614585,3.879095989840015
38093,20121006020842080.MVET.2-6.fb1,MVET,65.0135,-16.8126,2012-10-06 02:08:42.080,2012,280.089,65.0149,-16.6617,7.11747,2.1,-12345,-12345,17.645,14.5,15.596538,4.10369,0.0675,0.005625,-47.0,6.25,0.0,anginc_corr,ass_5_15,Apr,comment,50,ACl,2.0,6,64.645,0.0588052,1,8.88179588,32,12617.43,-1349488985.0,3.75,1.16,44.80698884778346,78.10223306522728,7.809467130277258,3.068916716955688,2.5446982927657005,2.19920723206144,2.303904844888155
38094,20130123223908240.MVET.4-10.fb1,MVET,65.0135,-16.8126,2013-01-23 22:39:08.240,2013,23.9437,65.0203,-16.6659,6.95543,2.1,-12345,-12345,36.994,13.9,15.532411,3.94353,0.06,0.001875,-14.0,9.75,0.0,anginc_corr,ass_5_15,Apr,comment,50,ACl,4.0,10,50.994,0.0588052,1,2.9771328,43,2976.42,-1358980985.0,6.00961,1.16,44.92999756893332,78.70441402470142,7.643623732335166,3.013354907940608,2.536582634920685,1.990938872998527,2.283481408088229
38095,20121202131032980.MVET.2-6.fb1,MVET,65.0135,-16.8126,2012-12-02 13:10:32.980,2012,337.549,65.0212,-16.6702,6.76821,2.2,-12345,-12345,39.532,14.5,15.853145,5.26111,0.09,0.00875,-21.0,7.75,0.0,anginc_corr,ass_5_15,Apr,comment,50,ACl,2.0,6,60.532,0.0588052,1,8.02151585,25,34745.6,-1354453985.0,2.4375,1.16,44.67426675473771,80.66083383103275,7.46189024521802,2.940741722288145,2.5374177503123394,3.0597360812762986,2.3261305476866694
38096,20130628155959480.MVET.2-6.fb1,MVET,65.0135,-16.8126,2013-06-28 15:59:59.480,2013,179.667,65.0203,-16.6659,6.95543,2.2,-12345,-12345,141.298,13.9,16.000166,5.32054,0.165,0.005,-81.0,6.5,0.0,anginc_corr,ass_5_15,Apr,comment,50,ACl,2.0,6,42.298,0.0588052,1,7.29235363,37,10007.67,-1372434985.0,2.6331,1.16,44.54286839269404,79.88381755024666,7.658683391441338,3.0067176307666634,2.547190768122945,5.483586510209904,2.3482591114261018
38097,20121026070502420.MVET.3-8.fb1,MVET,65.0135,-16.8126,2012-10-26 07:05:02.420,2012,300.295,65.0481,-16.5195,14.3394,0.8,-12345,-12345,20.449,14.5,15.683619,4.42873,0.04875,0.006563,-42.0,9.0,0.0,anginc_corr,ass_5_16,Apr,comment,50,ACl,3.0,8,62.449,0.0588052,1,5.60289478,35,5560.279,-1351234985.0,3.70066,1.16,36.62248177485505,39.65549688206407,16.386316580479203,5.73456005387235,2.857467081439681,0.8500934474767519,3.610943389376353
38098,20130308182242220.MVET.1-8.fb1,MVET,65.0135,-16.8126,2013-03-08 18:22:42.220,2013,67.7657,65.0848,-16.5002,16.7207,0.9,-12345,-12345,130.544,13.9,15.799508,4.02118,0.1,0.0075,71.0,8.0,0.0,anginc_corr,ass_5_16,Apr,comment,50,ACl,1.0,8,59.544,0.0588052,1,5.42684126,32,423713.1,-1362766985.0,2.07741,1.16,36.16093525642604,39.57702116851562,18.79408761168884,6.400302662453745,2.9364373222443154,1.562330769027653,3.840747859193785
38099,20130308175221820.MVET.3-8.fb1,MVET,65.0135,-16.8126,2013-03-08 17:52:21.820,2013,67.7446,65.0848,-16.5002,16.7207,1.0,-12345,-12345,146.102,14.5,15.879492,3.73577,0.335,0.00625,5.0,7.25,0.0,anginc_corr,ass_5_15,Apr,comment,50,ACl,3.0,8,38.898,0.0588052,1,2.68980265,39,7252.253,-1362764985.0,3.27436,1.16,36.14083078395078,39.99257167326582,18.75093267604628,6.365046211500562,2.945922472984801,5.259479955720536,3.850788844937351
38100,20121030205641660.MVET.3-8.fb1,MVET,65.0135,-16.8126,2012-10-30 20:56:41.660,2012,304.873,65.0391,-16.545,12.9315,1.3,-12345,-12345,91.107,14.3,15.393138,3.99484,0.1425,0.006563,39.0,10.0,0.0,anginc_corr,ass_5_15,Apr,comment,50,ACl,3.0,8,52.107,0.0588052,1,2.69901848,23,13401.35,-1351630985.0,4.33673,1.16,36.73524433474332,41.90412854001893,14.736299836528383,5.145023975724595,2.8641848718407594,2.769135440892967,3.555006752959473
38101,20120829010053700.MVET.2-6.fb1,MVET,65.0135,-16.8126,2012-08-29 01:00:53.700,2012,242.042,65.0112,-16.7698,2.033,2.5,-12345,-12345,71.432,14.099999,15.740612,6.0197,0.2475,0.00375,-43.0,5.5,0.0,anginc_corr,ass_5_16,Apr,comment,50,ACl,2.0,6,65.568,0.0588052,1,5.08165169,49,40378.59,-1346201985.0,4.00152,1.16,31.881886705216065,130.09620309537394,3.235218111843468,1.3794675939696068,2.345265757591076,17.79959477363633,2.5
38102,20121230040411740.MVET.2-3.fb1,MVET,65.0135,-16.8126,2012-12-30 04:04:11.740,2012,365.169,65.0149,-16.6659,6.9175,2.1,-12345,-12345,6.569,14.7,15.491881,28.658,0.095,0.0,-43.0,1.5,0.0,anginc_corr,ass_5_15,Apr,comment,50,ACl,2.0,3,49.569,0.0588052,1,1976.03894,7,339.75,-1356839985.0,2.4375,1.16,44.95907197348869,78.85123673303528,7.602915309616823,2.9996788531347702,2.534576426963676,3.1662119685726964,2.2786604947691007
38103,20120803153032140.MVET.1-8.fb1,MVET,65.0135,-16.8126,2012-08-03 15:30:32.140,2012,216.646,65.0058,-16.8164,0.881076,1.9,-12345,-12345,11.461,13.9,15.805641,3.40132,0.36,0.005,-50.0,9.5,0.0,anginc_corr,ass_5_16,Apr,comment,50,ACl,1.0,8,61.461,0.0588052,1,1.89832628,62,698290.8,-1344007985.0,2.04613,1.16,22.3009940518739,149.79520269297907,2.0925516848546737,0.9503699919174036,2.2018284485528423,36.610680632955535,1.9
38104,20130208073852480.MVET.3-8.fb1,MVET,65.0135,-16.8126,2013-02-08 07:38:52.480,2013,39.3185,65.0203,-16.6702,6.75658,2.2,-12345,-12345,56.676,13.9,15.602436,3.52148,0.29625,0.00375,-82.0,6.25,0.0,anginc_corr,ass_5_15,Apr,comment,50,ACl,3.0,8,41.324,0.0588052,1,3.2123661,54,3779.15,-1360308985.0,4.21875,1.16,44.68216270722423,80.7095172164945,7.449543240252482,2.936591254716157,2.5367995046258263,10.062689505597431,2.3248023995693963
38105,20130403110905780.MVET.3-8.fb1,MVET,65.0135,-16.8126,2013-04-03 11:09:05.780,2013,93.4645,65.0194,-16.6702,6.74637,2.3,-12345,-12345,44.568,14.099999,15.825619,6.22321,0.3075,0.0075,-70.0,8.75,0.0,anginc_corr,ass_5_15,Apr,comment,50,ACl,3.0,8,65.432,0.0588052,1,3.38785386,34,2469.952,-1364986985.0,3.41797,1.16,44.270747468940456,81.94317222869483,7.457221714283914,2.927645816788812,2.5471734564064743,10.474510316870322,2.394600902104328
38106,20130522011808080.MVET.2-6.fb1,MVET,65.0135,-16.8126,2013-05-22 01:18:08.080,2013,142.054,65.0203,-16.6659,6.95543,2.3,-12345,-12345,50.328,14.3,15.712799,3.60178,0.06,0.00875,-10.0,8.0,0.0,anginc_corr,ass_5_15,Apr,comment,50,ACl,2.0,6,60.328,0.0588052,1,7.8208375,33,3461.385,-1369185985.0,2.6331,1.16,44.13991106408185,81.04381475897432,7.676900841726651,3.0008703178793685,2.558224790983872,1.999220170249316,2.4171244806745387
38107,20130403181419220.MVET.1-8.fb1,MVET,65.0135,-16.8126,2013-04-03 18:14:19.220,2013,93.7598,65.0757,-16.8127,6.93834,2.2,-12345,-12345,11.756,13.9,15.918949,7.51228,0.34,0.01,81.0,7.75,0.0,anginc_corr,ass_5_16,Apr,comment,50,ACl,1.0,8,69.244,0.0588052,1,3.54029679,38,65040.64,-1365012985.0,2.29868,1.16,44.553357066212186,79.94372021319185,7.643494713616405,3.0016383848439903,2.546440887819895,11.291045456955471,2.346490894752452
38108,20121212073054540.MVET.4-10.fb1,MVET,65.0135,-16.8126,2012-12-12 07:30:54.540,2012,347.313,65.0703,-16.8148,6.33882,2.2,-12345,-12345,57.228,14.5,15.561779,9.88582,0.05625,0.000937,-67.0,6.75,0.0,anginc_corr,ass_5_15,Apr,comment,50,ACl,4.0,10,55.772,0.0588052,1,6.92700434,44,1381.092,-1355296985.0,5.80078,1.16,44.93833217307007,82.45159999624825,7.020801775297088,2.791615751359572,2.514959937404644,2.014757641863696,2.282099173006004
38109,20121026170557560.MVET.1-8.fb1,MVET,65.0135,-16.8126,2012-10-26 17:05:57.560,2012,300.712,65.021,-16.7975,1.10253,1.7,-12345,-12345,98.882,13.9,15.460217,5.13317,0.17625,0.002812,-46.0,5.0,0.0,anginc_corr,ass_5_16,Apr,comment,50,ACl,1.0,8,35.118,0.0588052,1,4.50633144,67,7226296.0,-1351270985.0,4.00152,1.16,30.06456545662053,141.95431164591884,2.0227012244983325,0.9341893480207394,2.165194057054724,18.70165886865891,1.7000000000000002
38110,20130616195641640.MVET.3-8.fb1,MVET,65.0135,-16.8126,2013-06-16 19:56:41.640,2013,167.831,64.9977,-16.7782,2.39065,4.6,-12345,-12345,178.149,13.9,15.687228,4.16518,0.17625,0.005625,35.0,6.5,0.0,anginc_corr,ass_5_16,Apr,comment,50,ACl,3.0,8,36.851,0.0588052,1,3.44085622,39,2143.019,-1371412985.0,4.39453,1.16,19.20437517536657,144.47531000740435,5.206015607452587,1.9301972095008284,2.697141816301208,9.112236594973666,4.6
38111,20121116205557180.MVET.4-10.fb1,MVET,65.0135,-16.8126,2012-11-16 20:55:57.180,2012,321.872,65.0203,-16.668,6.85598,2.2,-12345,-12345,90.512,13.9,15.514606,5.00468,0.03,0.00375,31.0,9.0,0.0,anginc_corr,ass_5_15,Apr,comment,50,ACl,4.0,10,59.512,0.0588052,1,2.80544782,51,7045.51,-1353098985.0,6.02679,1.16,44.61237231377439,80.28737164363426,7.556453804799084,2.972488468931916,2.542130569648364,1.009229687690549,2.336547843480729
38112,20130118094618960.MVET.3-8.fb1,MVET,65.0135,-16.8126,2013-01-18 09:46:18.960,2013,18.407,65.022,-16.6702,6.78132,2.2,-12345,-12345,100.794,14.5,15.711901,3.98375,0.3225,0.004687,-17.0,5.75,0.0,anginc_corr,ass_5_16,Apr,comment,50,ACl,3.0,8,62.206,0.0588052,1,3.24487638,46,15893.58,-1358501985.0,4.06436,1.16,44.66638556583604,80.61248444553935,7.474144367345483,2.944859842188354,2.538030591565055,10.918645761671542,2.3274563929458134
38113,20130622083048840.MVET.1-8.fb1,MVET,65.0135,-16.8126,2013-06-22 08:30:48.840,2013,173.355,65.0212,-16.6702,6.76821,2.2,-12345,-12345,9.469,14.5,15.571415,8.18283,0.13875,0.012187,77.0,6.25,0.0,anginc_corr,ass_5_15,Apr,comment,50,ACl,1.0,8,67.531,0.0588052,1,7.36732769,33,69596.58,-1371889985.0,4.34028,1.16,44.67426675473771,80.66083383103275,7.46189024521802,2.940741722288145,2.5374177503123394,4.715574495855179,2.3261305476866694
38114,20130318153656380.MVET.4-10.fb1,MVET,65.0135,-16.8126,2013-03-18 15:36:56.380,2013,77.6505,65.0229,-16.6638,7.0925,2.1,-12345,-12345,145.738,14.5,15.444964,3.24833,0.35625,0.002812,-81.0,8.75,0.0,anginc_corr,ass_5_15,Apr,comment,50,ACl,4.0,10,46.738,0.0588052,1,2.41563392,32,657.6028,-1363620985.0,6.02679,1.16,44.82581492896558,78.19251346819345,7.784664350774746,3.060624074126516,2.5434892238428346,11.600622545076789,2.3007762768022104
38115,20121026183512380.MVET.3-8.fb1,MVET,65.0135,-16.8126,2012-10-26 18:35:12.380,2012,300.774,65.049,-16.5173,14.4627,1.0,-12345,-12345,23.738,14.3,15.765256,3.34702,0.0525,0.004687,-31.0,9.0,0.0,anginc_corr,ass_5_15,Apr,comment,50,ACl,3.0,8,54.738,0.0588052,1,3.60958457,30,17936.79,-1351276985.0,3.3995,1.16,36.5805455549625,40.49811574894781,16.426306531742902,5.701508468209755,2.881045713311144,0.9207894276642036,3.631767037885908
38116,20121114064906340.MVET.4-10.fb1,MVET,65.0135,-16.8126,2012-11-14 06:49:06.340,2012,319.284,65.0418,-16.5747,11.6469,1.7,-12345,-12345,49.447,13.9,15.518372,5.23664,0.03,0.009375,-19.0,10.0,0.0,anginc_corr,ass_5_16,Apr,comment,50,ACl,4.0,10,68.447,0.0588052,1,4.23636532,39,5535.117,-1352875985.0,5.28409,1.16,36.804363421648695,47.47489670540589,13.278820527067026,4.6396393382674,2.862037231546061,0.6465952253790874,3.5207603313705667
38117,20130102084922640.MVET.4-10.fb1,MVET,65.0135,-16.8126,2013-01-02 08:49:22.640,2013,2.36748,65.0185,-16.6702,6.73767,2.2,-12345,-12345,124.777,13.9,15.400139,7.93904,0.06,0.001875,67.0,6.75,0.0,anginc_corr,ass_5_15,Apr,comment,50,ACl,4.0,10,57.777,0.0588052,1,4.04189014,51,6547.143,-1357116985.0,6.74665,1.16,44.69491333923272,80.78865692804403,7.429447272321084,2.9298337162098496,2.5357914448237406,2.0476831213599667,2.322658046435537
38118,20130703075010980.MVET.1-8.fb1,MVET,65.0135,-16.8126,2013-07-03 07:50:10.980,2013,184.326,65.04,-16.5832,11.2081,2.0,-12345,-12345,128.929,13.9,15.657817,3.2294,0.3,0.0075,-24.0,7.0,0.0,anginc_corr,ass_5_15,Apr,comment,50,ACl,1.0,8,27.071,0.0588052,1,2.75415969,47,26924.92,-1372837985.0,4.54401,1.16,36.80803697660907,55.3814450630211,12.734539334307753,4.436773538980614,2.87022522615243,6.7539593269263065,3.5189410600199027
38119,20121026070648640.MVET.1-8.fb1,MVET,65.0135,-16.8126,2012-10-26 07:06:48.640,2012,300.296,65.0481,-16.5195,14.3394,0.8,-12345,-12345,24.601,14.5,15.641363,3.13106,0.04,0.0025,-32.0,3.75,0.0,anginc_corr,ass_5_16,Apr,comment,50,ACl,1.0,8,56.601,0.0588052,1,12.6111593,45,46664.31,-1351234985.0,2.73438,1.16,36.62248177485505,39.65549688206407,16.386316580479203,5.73456005387235,2.857467081439681,0.697516689939448,3.610943389376353
38120,20130306142902540.MVET.2-3.fb1,MVET,65.0135,-16.8126,2013-03-06 14:29:02.540,2013,65.6034,65.0839,-16.5002,16.6735,1.1,-12345,-12345,91.461,14.7,15.753851,3.06937,0.27,0.00625,54.0,5.0,0.0,anginc_corr,ass_5_15,Apr,comment,50,ACl,2.0,3,37.461,0.0588052,1,23.7808914,14,43175.02,-1362579985.0,2.6331,1.16,36.13173622780317,40.378943217883645,18.65901707938524,6.316462928287995,2.9540293818272354,4.272593403093339,3.855331879115584
38121,20130309141403260.MVET.2-6.fb1,MVET,65.0135,-16.8126,2013-03-09 14:14:03.260,2013,68.593,65.0848,-16.5002,16.7207,1.0,-12345,-12345,31.029,14.7,16.052942,4.45851,0.24,0.0075,-85.0,6.0,0.0,anginc_corr,ass_5_15,Apr,comment,50,ACl,2.0,6,63.971,0.0588052,1,4.9569664,26,23215.9,-1362837985.0,2.53906,1.16,36.14083078395078,39.99257167326582,18.75093267604628,6.365046211500562,2.945922472984801,3.7692539594459618,3.850788844937351
38122,20121027195623740.MVET.0.5-5.fb1,MVET,65.0135,-16.8126,2012-10-27 19:56:23.740,2012,301.831,65.0436,-16.5407,13.2438,0.8,-12345,-12345,17.245,14.099999,16.252975,3.27506,0.08125,0.014062,-26.0,9.25,0.0,anginc_corr,ass_5_15,Apr,comment,50,ACl,0.5,5,43.245,0.0588052,1,4.7386322,26,628849.8,-1351367985.0,1.64063,1.16,36.74635275726067,39.79366576370701,15.27694910407051,5.410471627051947,2.823589172464546,1.501632858133917,3.54950078311312
38123,20130413102240060.MVET.4-10.fb1,MVET,65.0135,-16.8126,2013-04-13 10:22:40.060,2013,103.432,65.022,-16.6702,6.78132,3.0,-12345,-12345,46.513,14.099999,15.564667,3.4319,0.05625,0.005625,-14.0,10.0,0.0,anginc_corr,ass_5_15,Apr,comment,50,ACl,4.0,10,60.513,0.0588052,1,2.79650879,29,1467.881,-1365848985.0,5.68647,1.16,41.50692229141875,91.84419310993827,7.660626810108244,2.928337473838598,2.616032775780568,1.920708001675564,3.0
38124,20120908021732040.MVET.3-8.fb1,MVET,65.0135,-16.8126,2012-09-08 02:17:32.040,2012,252.095,65.0739,-16.8148,6.73883,2.3,-12345,-12345,13.804,14.5,15.513374,3.6922,0.12,0.004687,79.0,8.0,0.0,anginc_corr,ass_5_15,Apr,comment,50,ACl,3.0,8,65.196,0.0588052,1,7.33252859,39,3799.758,-1347070985.0,3.47222,1.16,44.27247756844228,81.95571923152974,7.454302461531747,2.9266674252621283,2.547027515729465,4.098504863869579,2.3943049797698617
38125,20130411161524440.MVET.2-6.fb1,MVET,65.0135,-16.8126,2013-04-11 16:15:24.440,2013,101.677,65.0176,-16.6595,7.22943,2.3,-12345,-12345,152.949,13.9,15.553424,6.13922,0.06,0.00375,-72.0,6.25,0.0,anginc_corr,ass_5_15,Apr,comment,50,ACl,2.0,6,44.949,0.0588052,1,8.92705727,45,7765.025,-1365696985.0,3.11279,1.16,43.95094795529356,79.88107052167571,7.962910167381875,3.095643529074679,2.572295580092865,1.9380256648190648,2.449889296154364
38126,20130316174535520.MVET.3-8.fb1,MVET,65.0135,-16.8126,2013-03-16 17:45:35.520,2013,75.7399,65.0212,-16.668,6.86748,2.1,-12345,-12345,59.678,13.9,15.717274,7.06291,0.09,0.002812,-69.0,5.75,0.0,anginc_corr,ass_5_16,Apr,comment,50,ACl,3.0,8,51.322,0.0588052,1,7.33304691,47,4700.596,-1363455985.0,3.61064,1.16,44.99374854745528,79.02878638462515,7.553313472275451,2.983000463190244,2.532119443319621,3.016410120206104,2.27291386265314
38127,20130306000827600.MVET.2-6.fb1,MVET,65.0135,-16.8126,2013-03-06 00:08:27.600,2013,65.0058,65.083,-16.5066,16.3617,1.0,-12345,-12345,71.232,14.5,15.895284,3.27336,0.205,0.01125,-40.0,6.75,0.0,anginc_corr,ass_5_15,Apr,comment,50,ACl,2.0,6,68.768,0.0588052,1,4.49867296,38,22844.08,-1362528985.0,2.80172,1.16,36.225304516630594,40.08962079635916,18.376840879438625,6.259678590992353,2.935748315557736,3.274050896516912,3.808616574403828
38128,20121026095319280.MVET.2-6.fb1,MVET,65.0135,-16.8126,2012-10-26 09:53:19.280,2012,300.412,65.049,-16.5195,14.3665,0.9,-12345,-12345,14.114,14.7,15.918061,3.70875,0.04,0.0025,-39.0,6.75,0.0,anginc_corr,ass_5_15,Apr,comment,50,ACl,2.0,6,53.114,0.0588052,1,10.5897408,42,4297.023,-1351244985.0,2.6331,1.16,36.607162230440565,40.082117452549895,16.369066610824262,5.707053306177813,2.8682168770186456,0.7008784853326233,3.618549076628568
38129,20130703123943340.MVET.2-6.fb1,MVET,65.0135,-16.8126,2013-07-03 12:39:43.340,2013,184.528,65.0409,-16.5811,11.3311,1.9,-12345,-12345,96.62,13.9,15.895888,3.26797,0.325,0.00625,-17.0,6.25,0.0,anginc_corr,ass_5_15,Apr,comment,50,ACl,2.0,6,66.38,0.0588052,1,4.76135635,31,3745.821,-1372854985.0,3.07617,1.16,36.8089340693062,52.59222076102506,12.88842194939455,4.494697045322362,2.867472895154869,7.221316564767122,3.5184968019783875
38130,20130402222019860.MVET.1-8.fb1,MVET,65.0135,-16.8126,2013-04-02 22:20:19.860,2013,92.9306,65.0212,-16.668,6.86748,2.1,-12345,-12345,12.63,13.9,16.095947,4.01828,0.315,0.00875,36.0,4.0,0.0,anginc_corr,ass_5_16,Apr,comment,50,ACl,1.0,8,23.37,0.0588052,1,5.09574223,54,57883.21,-1364940985.0,2.52404,1.16,44.99374854745528,79.02878638462515,7.553313472275451,2.983000463190244,2.532119443319621,10.5305622156024,2.27291386265314
38131,20130703064547680.MVET.2-3.fb1,MVET,65.0135,-16.8126,2013-07-03 06:45:47.680,2013,184.282,65.04,-16.5832,11.2081,2.0,-12345,-12345,70.744,14.7,15.849631,3.14411,0.325,0.00875,-50.0,9.5,0.0,anginc_corr,ass_5_16,Apr,comment,50,ACl,2.0,3,59.256,0.0588052,1,12.234292,23,148.3477,-1372833985.0,2.52404,1.16,36.80803697660907,55.3814450630211,12.734539334307753,4.436773538980614,2.87022522615243,7.315342871068253,3.5189410600199027
38132,20121023003638600.MVET.1-8.fb1,MVET,65.0135,-16.8126,2012-10-23 00:36:38.600,2012,297.025,65.0481,-16.5237,14.1468,0.8,-12345,-12345,135.101,13.9,15.922135,4.40563,0.265,0.01,-16.0,7.25,0.0,anginc_corr,ass_5_16,Apr,comment,50,ACl,1.0,8,28.899,0.0588052,1,3.37382889,45,568505.0,-1350952985.0,2.27864,1.16,36.64758909593375,39.68349784749994,16.192584353800182,5.67822685783657,2.851697327212747,4.664411413447311,3.5984816376023465
38133,20130703091103660.MVET.1-8.fb1,MVET,65.0135,-16.8126,2013-07-03 09:11:03.660,2013,184.383,65.04,-16.5811,11.3047,2.0,-12345,-12345,21.016,13.9,16.095947,3.56836,0.085,0.0125,-7.0,8.75,0.0,anginc_corr,ass_5_16,Apr,comment,50,ACl,1.0,8,28.016,0.0588052,1,2.77629852,29,47371.8,-1372842985.0,2.52404,1.16,36.802510576394965,55.37074817919918,12.830324621086378,4.46512517905728,2.8734523908230587,1.9034696072125712,3.521677957474326
38134,20130116070113720.MVET.4-10.fb1,MVET,65.0135,-16.8126,2013-01-16 07:01:13.720,2013,16.2924,65.0203,-16.668,6.85598,2.2,-12345,-12345,165.413,14.099999,15.372891,3.68269,0.02625,0.002812,32.0,10.0,0.0,anginc_corr,ass_5_15,Apr,comment,50,ACl,4.0,10,46.587,0.0588052,1,2.65286636,43,1592.31,-1358319985.0,5.69661,1.16,44.61237231377439,80.28737164363426,7.556453804799084,2.972488468931916,2.542130569648364,0.8830812468829663,2.336547843480729
38135,20130118203044040.MVET.3-8.fb1,MVET,65.0135,-16.8126,2013-01-18 20:30:44.040,2013,18.8546,65.0678,-16.5258,14.8036,1.0,-12345,-12345,137.428,14.099999,15.86196,3.37454,0.15,0.01125,72.0,9.0,0.0,anginc_corr,ass_5_15,Apr,comment,50,ACl,3.0,8,65.428,0.0588052,1,3.39590979,30,3188.32,-1358540985.0,3.07617,1.16,36.52807431487311,40.4377405819552,16.772396751033757,5.801542459781551,2.8910237005600226,2.5850873453478584,3.657837839020896
38136,20130103125617680.MVET.3-8.fb1,MVET,65.0135,-16.8126,2013-01-03 12:56:17.680,2013,3.53894,65.0202,-16.7741,1.96041,2.9,-12345,-12345,32.39,13.9,15.587729,6.13217,0.05625,0.00375,-7.0,9.25,0.0,anginc_corr,ass_5_15,Apr,comment,50,ACl,3.0,8,39.39,0.0588052,1,4.65258932,57,23374.15,-1357217985.0,5.0855,1.16,27.01652101612832,137.18397281925334,3.513105036672405,1.4556670982283184,2.413398668519869,3.8627662508872618,2.9000000000000004
38137,20130318171409760.MVET.2-6.fb1,MVET,65.0135,-16.8126,2013-03-18 17:14:09.760,2013,77.718,65.022,-16.6659,6.97946,2.1,-12345,-12345,118.526,14.7,16.01457,4.09765,0.155,0.005,82.0,7.75,0.0,anginc_corr,ass_5_16,Apr,comment,50,ACl,2.0,6,36.526,0.0588052,1,7.54729366,28,3631.833,-1363626985.0,2.73438,1.16,44.91262383083651,78.61753582630594,7.6676355957488305,3.021415355625264,2.5377628340549885,5.126675280305904,2.2863633643859
38138,20120920152106780.MVET.3-8.fb1,MVET,65.0135,-16.8126,2012-09-20 15:21:06.780,2012,264.639,65.0157,-16.7465,3.12521,2.2,-12345,-12345,25.204,14.7,15.340011,4.15095,0.06375,0.001875,-37.0,5.75,0.0,anginc_corr,ass_5_16,Apr,comment,50,ACl,3.0,8,62.204,0.0588052,1,22.9138279,23,1724.9,-1348153985.0,4.9326,1.16,43.23453932540067,105.98003238876908,3.871427942103989,1.66421331837703,2.3262810718757336,3.8292345146579976,2.2
38139,20121027043711400.MVET.1-8.fb1,MVET,65.0135,-16.8126,2012-10-27 04:37:11.400,2012,301.192,65.0212,-16.668,6.86748,2.2,-12345,-12345,87.984,14.099999,15.638018,3.14084,0.15,0.005625,64.0,5.25,0.0,anginc_corr,ass_5_15,Apr,comment,50,ACl,1.0,8,23.984,0.0588052,1,3.62594628,50,117685.7,-1351312985.0,3.45395,1.16,44.60423089645032,80.2392720915829,7.568629558967303,2.9765703908034604,2.542734948365967,5.036161399273453,2.3379189316256506
38140,20120920150101340.MVET.2-6.fb1,MVET,65.0135,-16.8126,2012-09-20 15:01:01.340,2012,264.625,65.0184,-16.7486,3.06376,2.1,-12345,-12345,31.708,13.9,15.892701,4.90918,0.08,0.005,-34.0,5.75,0.0,anginc_corr,ass_5_15,Apr,comment,50,ACl,2.0,6,65.708,0.0588052,1,6.86770773,39,8236.781,-1348152985.0,3.11279,1.16,44.40781272308968,103.6804256327972,3.762371721785612,1.6345832335782424,2.301731502255445,4.891286597612776,2.1
38141,20120823052143040.MVET.3-8.fb1,MVET,65.0135,-16.8126,2012-08-23 05:21:43.040,2012,236.223,65.0203,-16.6723,6.65716,2.2,-12345,-12345,113.545,14.7,15.594421,3.14153,0.14625,0.0075,85.0,9.0,0.0,anginc_corr,ass_5_15,Apr,comment,50,ACl,3.0,8,28.545,0.0588052,1,4.38257885,28,2370.633,-1345698985.0,3.78605,1.16,44.7452286488327,81.10758462467079,7.347577496447714,2.902291763051653,2.5316467455091445,5.035926343953889,2.3142008158864646
38142,20121228083755040.MVET.3-8.fb1,MVET,65.0135,-16.8126,2012-12-28 08:37:55.040,2012,363.36,65.0212,-16.668,6.86748,2.1,-12345,-12345,71.074,14.7,15.81673,3.37191,0.375,0.006563,26.0,7.75,0.0,anginc_corr,ass_5_15,Apr,comment,50,ACl,3.0,8,45.074,0.0588052,1,2.45661688,34,14929.46,-1356683985.0,3.5473,1.16,44.99374854745528,79.02878638462515,7.553313472275451,2.983000463190244,2.532119443319621,12.521956010399292,2.27291386265314
38143,20130703085239020.MVET.1-8.fb1,MVET,65.0135,-16.8126,2013-07-03 08:52:39.020,2013,184.37,65.04,-16.5811,11.3047,2.0,-12345,-12345,75.113,14.099999,16.137766,3.48127,0.085,0.00625,21.0,9.0,0.0,anginc_corr,ass_5_15,Apr,comment,50,ACl,1.0,8,54.113,0.0588052,1,2.55792117,35,129766.1,-1372841985.0,2.34375,1.16,36.802510576394965,55.37074817919918,12.830324621086378,4.46512517905728,2.8734523908230587,1.9034696072125712,3.521677957474326
38144,20130228203924060.MVET.3-8.fb1,MVET,65.0135,-16.8126,2013-02-28 20:39:24.060,2013,59.8606,65.0185,-16.6617,7.13643,2.4,-12345,-12345,179.769,14.3,15.417881,7.47669,0.10125,0.004687,-48.0,7.0,0.0,anginc_corr,ass_5_15,Apr,comment,50,ACl,3.0,8,47.769,0.0588052,1,5.7627368,37,11976.85,-1362083985.0,3.51562,1.16,43.65871458293501,81.70848220647251,7.878950902571071,3.0568865209376543,2.5774430449431014,3.311285686606169,2.5015703336803616
38145,20121129160224140.MVET.4-10.fb1,MVET,65.0135,-16.8126,2012-11-29 16:02:24.140,2012,334.668,65.0203,-16.6723,6.65716,2.2,-12345,-12345,64.227,13.9,15.52484,3.76087,0.06,0.006563,0.0,9.0,0.0,anginc_corr,ass_5_15,Apr,comment,50,ACl,4.0,10,64.227,0.0588052,1,2.81278896,39,2375.874,-1354204985.0,6.64598,1.16,44.7452286488327,81.10758462467079,7.347577496447714,2.902291763051653,2.5316467455091445,2.067110941163719,2.3142008158864646
38146,20130228001539500.MVET.2-3.fb1,MVET,65.0135,-16.8126,2013-02-28 00:15:39.500,2013,59.0107,65.022,-16.6659,6.97946,2.1,-12345,-12345,65.581,13.9,15.849631,3.43489,0.335,0.01,-46.0,6.0,0.0,anginc_corr,ass_5_16,Apr,comment,50,ACl,2.0,3,68.419,0.0588052,1,23.5673313,18,341.0101,-1362009985.0,2.52404,1.16,44.91262383083651,78.61753582630594,7.6676355957488305,3.021415355625264,2.5377628340549885,11.053651231096495,2.2863633643859
38147,20130307100831380.MVET.3-8.fb1,MVET,65.0135,-16.8126,2013-03-07 10:08:31.380,2013,66.4225,65.0839,-16.5023,16.5853,1.1,-12345,-12345,18.933,13.9,15.626403,3.96911,0.24,0.006563,85.0,6.0,0.0,anginc_corr,ass_5_15,Apr,comment,50,ACl,3.0,8,66.067,0.0588052,1,3.87788844,31,3654.251,-1362650985.0,4.75781,1.16,36.15279977553307,40.403480881059735,18.568377288329533,6.290993806358409,2.9515809202613066,3.813590452508464,3.844810736954813
38148,20130222124736600.MVET.3-8.fb1,MVET,65.0135,-16.8126,2013-02-22 12:47:36.600,2013,53.5329,65.0757,-16.8127,6.93834,2.3,-12345,-12345,173.408,13.9,15.709018,4.81762,0.2475,0.004687,-66.0,5.25,0.0,anginc_corr,ass_5_15,Apr,comment,50,ACl,3.0,8,59.408,0.0588052,1,7.06775427,46,3070.717,-1361536985.0,4.12234,1.16,44.14929227366856,81.10535931660736,7.661742735209551,2.9958274250817603,2.5574713253052126,8.247441836757119,2.415500572742408
38149,20121030212624760.MVET.2-6.fb1,MVET,65.0135,-16.8126,2012-10-30 21:26:24.760,2012,304.893,65.0409,-16.5407,13.1714,1.1,-12345,-12345,22.559,14.099999,15.536337,4.94171,0.06,0.004687,52.0,5.0,0.0,anginc_corr,ass_5_15,Apr,comment,50,ACl,2.0,6,29.441,0.0588052,1,9.96551418,40,10364.51,-1351631985.0,4.6875,1.16,36.72896593109146,41.07560296281892,15.068807476024569,5.2842037453160255,2.8516704128567563,1.1354230289668976,3.558119041507922
38150,20130411230848000.MVET.4-10.fb1,MVET,65.0135,-16.8126,2013-04-11 23:08:48.000,2013,101.964,65.0221,-16.6638,7.07859,2.8,-12345,-12345,68.243,13.9,15.317695,3.98515,0.05625,0.01875,12.0,8.5,0.0,anginc_corr,ass_5_15,Apr,comment,50,ACl,4.0,10,56.243,0.0588052,1,3.79105186,34,1725.802,-1365721985.0,6.93222,1.16,42.33492087827184,88.33386604991706,7.900826019777138,3.027722651573737,2.6094946363962626,1.8576717084869188,2.805258279860368
38151,20130223154031220.MVET.2-3.fb1,MVET,65.0135,-16.8126,2013-02-23 15:40:31.220,2013,54.653,65.0212,-16.6659,6.96671,2.1,-12345,-12345,78.103,13.9,16.013842,11.8127,0.12,0.01125,57.0,4.75,0.0,anginc_corr,ass_5_16,Apr,comment,50,ACl,2.0,3,21.103,0.0588052,1,95.0586395,24,696.0859,-1361633985.0,2.52404,1.16,44.9212985860102,78.66083551719657,7.655673884562754,3.0174005988658856,2.53717517237857,3.975361758122631,2.284924286750325
38152,20130605204820320.MVET.1-8.fb1,MVET,65.0135,-16.8126,2013-06-05 20:48:20.320,2013,156.867,65.0229,-16.6744,6.59833,2.2,-12345,-12345,175.418,14.7,15.665362,3.47168,0.05625,0.008437,27.0,9.25,0.0,anginc_corr,ass_5_15,Apr,comment,50,ACl,1.0,8,31.582,0.0588052,1,3.29280329,29,19810.93,-1370464985.0,3.50477,1.16,44.781326570669776,81.34339128032708,7.286547239709644,2.8817791398797468,2.52848913328372,1.9517333041150664,2.3081711148976884
38153,20130419153557880.MVET.2-3.fb1,MVET,65.0135,-16.8126,2013-04-19 15:35:57.880,2013,109.65,65.0113,-16.7126,4.72334,2.5,-12345,-12345,84.822,14.7,16.078934,3.4345,0.315,0.0075,-28.0,3.75,0.0,anginc_corr,ass_5_15,Apr,comment,50,ACl,2.0,3,67.178,0.0588052,1,46.9063187,18,88.4176,-1366385985.0,2.4375,1.16,43.34488066646836,96.21835200356364,5.486409394360703,2.227929183431213,2.462560046864297,14.068728507917072,2.5
38154,20121129052406240.MVET.2-6.fb1,MVET,65.0135,-16.8126,2012-11-29 05:24:06.240,2012,334.225,65.0219,-16.8017,1.07086,2.2,-12345,-12345,172.357,13.9,15.827423,5.39142,0.17625,0.006563,-47.0,6.75,0.0,anginc_corr,ass_5_15,Apr,comment,50,ACl,2.0,6,39.357,0.0588052,1,4.81553173,34,27105.62,-1354166985.0,3.39286,1.16,22.422369764727392,147.63388937955136,2.447275101876274,1.078942312022883,2.268216821794612,16.22789613934188,2.2
38155,20130309140704600.MVET.2-6.fb1,MVET,65.0135,-16.8126,2013-03-09 14:07:04.600,2013,68.5881,65.0848,-16.5002,16.7207,1.0,-12345,-12345,128.709,13.9,15.709853,4.50045,0.1,0.00625,67.0,6.5,0.0,anginc_corr,ass_5_15,Apr,comment,50,ACl,2.0,6,61.709,0.0588052,1,6.27022314,33,8424.874,-1362837985.0,3.27436,1.16,36.14083078395078,39.99257167326582,18.75093267604628,6.365046211500562,2.945922472984801,1.5709835671870565,3.850788844937351
38156,20121027184756120.MVET.3-8.fb1,MVET,65.0135,-16.8126,2012-10-27 18:47:56.120,2012,301.783,65.0409,-16.545,12.9769,1.0,-12345,-12345,93.107,14.3,15.476026,3.84942,0.07875,0.002812,36.0,4.75,0.0,anginc_corr,ass_5_15,Apr,comment,50,ACl,3.0,8,57.107,0.0588052,1,14.6348038,51,2231.691,-1351363985.0,3.89648,1.16,36.755178563792384,40.69915047442457,14.914409284546466,5.260171614950681,2.8353465202838826,1.497015566906157,3.545126776501588
38157,20121026210856300.MVET.3-8.fb1,MVET,65.0135,-16.8126,2012-10-26 21:08:56.300,2012,300.881,65.0409,-16.545,12.9769,1.1,-12345,-12345,84.532,14.099999,15.593263,3.39633,0.07125,0.00375,36.0,9.0,0.0,anginc_corr,ass_5_15,Apr,comment,50,ACl,3.0,8,48.532,0.0588052,1,4.76601696,34,2773.962,-1351285985.0,3.80609,1.16,36.74750172474898,41.0972558781641,14.86986327794416,5.225797604589271,2.8454724815376538,1.3633648768660578,3.5489313345552445
38158,20130118134556100.MVET.3-8.fb1,MVET,65.0135,-16.8126,2013-01-18 13:45:56.100,2013,18.5734,65.0229,-16.6765,6.49957,2.2,-12345,-12345,67.781,14.7,15.457301,4.72457,0.18375,0.00375,-61.0,7.0,0.0,anginc_corr,ass_5_15,Apr,comment,50,ACl,3.0,8,51.219,0.0588052,1,6.61907625,32,15338.46,-1358516985.0,3.39286,1.16,44.843037971590135,81.76164843492514,7.185726980812457,2.8476470667795697,2.523391000465118,6.445992835464409,2.297915000705931
38159,20130309024117180.MVET.1-8.fb1,MVET,65.0135,-16.8126,2013-03-09 02:41:17.180,2013,68.1119,65.0857,-16.496,16.9442,0.8,-12345,-12345,23.761,14.5,15.888731,3.33918,0.25,0.00625,82.0,6.5,0.0,anginc_corr,ass_5_15,Apr,comment,50,ACl,1.0,8,58.239,0.0588052,1,4.00894785,36,380225.9,-1362796985.0,2.53906,1.16,36.12726279037218,39.10365255300483,19.068274828630187,6.500853413534141,2.933195630735482,3.84422815036487,3.857566703523596
38160,20130224172830760.MVET.1-8.fb1,MVET,65.0135,-16.8126,2013-02-24 17:28:30.760,2013,55.728,65.022,-16.6702,6.78132,2.2,-12345,-12345,83.702,13.9,15.751833,5.7476,0.135,0.0075,45.0,9.0,0.0,anginc_corr,ass_5_16,Apr,comment,50,ACl,1.0,8,38.702,0.0588052,1,2.37143302,54,387869.9,-1361726985.0,2.74784,1.16,44.66638556583604,80.61248444553935,7.474144367345483,2.944859842188354,2.538030591565055,4.581852943276488,2.3274563929458134
38161,20130128082926840.MVET.4-10.fb1,MVET,65.0135,-16.8126,2013-01-28 08:29:26.840,2013,28.3536,65.0212,-16.668,6.86748,2.1,-12345,-12345,88.638,13.9,15.515688,5.34763,0.03,0.00375,33.0,9.25,0.0,anginc_corr,ass_5_16,Apr,comment,50,ACl,4.0,10,55.638,0.0588052,1,2.99720716,53,24154.99,-1359361985.0,6.68403,1.16,44.99374854745528,79.02878638462515,7.553313472275451,2.983000463190244,2.532119443319621,1.0056733760507086,2.27291386265314
38162,20130428094242660.MVET.1-8.fb1,MVET,65.0135,-16.8126,2013-04-28 09:42:42.660,2013,118.404,65.022,-16.6702,6.78132,2.6,-12345,-12345,155.412,14.7,15.696206,3.72422,0.06,0.0075,14.0,9.75,0.0,anginc_corr,ass_5_15,Apr,comment,50,ACl,1.0,8,38.588,0.0588052,1,3.32515979,22,420594.8,-1367141985.0,3.50477,1.16,43.15678957685136,87.23915260902135,7.549189263465482,2.9292398782446645,2.5771836985878074,2.048098156333822,2.614211899854527
38163,20121021141303060.MVET.2-6.fb1,MVET,65.0135,-16.8126,2012-10-21 14:13:03.060,2012,295.592,65.0454,-16.5301,13.7782,1.0,-12345,-12345,89.716,14.7,15.818847,3.50489,0.27375,0.006563,-33.0,7.0,0.0,anginc_corr,ass_5_15,Apr,comment,50,ACl,2.0,6,57.284,0.0588052,1,4.29389906,29,4637.116,-1350828985.0,3.51562,1.16,36.67242529933662,40.60386774365506,15.727093949317416,5.498236387562387,2.860388830297261,4.975787507049745,3.5861584485711235
38164,20130116234146140.MVET.2-6.fb1,MVET,65.0135,-16.8126,2013-01-16 23:41:46.140,2013,16.9872,65.022,-16.6744,6.58331,2.2,-12345,-12345,75.341,14.7,15.544536,5.98346,0.18,0.0025,-60.0,5.0,0.0,anginc_corr,ass_5_15,Apr,comment,50,ACl,2.0,6,44.659,0.0588052,1,9.6085825,30,47986.61,-1358379985.0,3.2197,1.16,44.79104670763252,81.40795876022555,7.270938561688766,2.8765011437798647,2.5277023016004763,6.25148838918399,2.306554950579608
38165,20130308192529900.MVET.3-8.fb1,MVET,65.0135,-16.8126,2013-03-08 19:25:29.900,2013,67.8093,65.0777,-16.5172,15.6402,1.0,-12345,-12345,178.209,14.7,15.709967,3.06566,0.06,0.004687,-40.0,9.5,0.0,anginc_corr,ass_5_15,Apr,comment,50,ACl,3.0,8,38.209,0.0588052,1,3.2511375,30,3065.957,-1362770985.0,3.7287,1.16,36.3770245356233,40.2640114609787,17.636838310800407,6.049579765375717,2.915382389326186,0.9917800390354614,3.7329869521680674
38166,20130424081624420.MVET.3-8.fb1,MVET,65.0135,-16.8126,2013-04-24 08:16:24.420,2013,114.345,65.0059,-16.738,3.62016,3.7,-12345,-12345,169.266,13.9,15.422922,6.86372,0.02625,0.001875,-36.0,3.75,0.0,anginc_corr,ass_5_15,Apr,comment,50,ACl,3.0,8,25.266,0.0588052,1,19.0756931,51,3092.974,-1366790985.0,4.62372,1.16,31.076428528190853,119.65455821238572,5.234648939571246,2.0129951308083003,2.6004280186556232,1.3039715669918903,3.7
38167,20130612110313720.MVET.1-8.fb1,MVET,65.0135,-16.8126,2013-06-12 11:03:13.720,2013,163.46,65.0212,-16.6659,6.96671,2.2,-12345,-12345,29.122,13.9,15.604043,3.93385,0.115,0.01625,-40.0,8.25,0.0,anginc_corr,ass_5_16,Apr,comment,50,ACl,1.0,8,69.122,0.0588052,1,5.75991631,30,73918.83,-1371034985.0,2.73438,1.16,44.534528314328085,79.83642761640805,7.670703755731394,3.010735762673486,2.5477837845590043,3.818272138629197,2.349665337923989
38168,20130422171922860.MVET.4-10.fb1,MVET,65.0135,-16.8126,2013-04-22 17:19:22.860,2013,112.722,65.0212,-16.6659,6.96671,3.7,-12345,-12345,107.831,13.9,15.320271,3.34738,0.03,0.004687,45.0,8.0,0.0,anginc_corr,ass_5_15,Apr,comment,50,ACl,4.0,10,62.831,0.0588052,1,3.09798288,55,1127.607,-1366650985.0,6.15234,1.16,36.36664258021503,93.37067246213898,8.212827453479978,2.960769943257572,2.77388233833658,1.0132239453895409,3.7
38169,20130418044020540.MVET.4-10.fb1,MVET,65.0135,-16.8126,2013-04-18 04:40:20.540,2013,108.195,65.0229,-16.6681,6.89472,2.6,-12345,-12345,23.581,14.5,15.359753,3.40963,0.12,0.005625,-7.0,5.75,0.0,anginc_corr,ass_5_15,Apr,comment,50,ACl,4.0,10,30.581,0.0588052,1,2.80466437,47,418.9733,-1366259985.0,4.97159,1.16,43.13446773151741,86.78303641739059,7.662620580580628,2.967369429551848,2.5822941034133016,4.042333840093448,2.6192694509312338
38170,20120924023648020.MVET.3-8.fb1,MVET,65.0135,-16.8126,2012-09-24 02:36:48.020,2012,268.109,65.022,-16.7381,3.63912,2.2,-12345,-12345,146.557,14.7,15.335858,3.89648,0.07125,0.000937,-78.0,5.5,0.0,anginc_corr,ass_5_16,Apr,comment,50,ACl,3.0,8,44.557,0.0588052,1,16.1072845,25,6299.285,-1348453985.0,4.4837,1.16,44.62626935688045,99.62999059491052,4.334322455870139,1.84047576004164,2.355001108937223,3.869832260535589,2.2
38171,20121026114209900.MVET.2-6.fb1,MVET,65.0135,-16.8126,2012-10-26 11:42:09.900,2012,300.488,65.0757,-16.7979,6.97513,2.4,-12345,-12345,152.51,13.9,15.868932,7.29963,0.16,0.00875,83.0,6.25,0.0,anginc_corr,ass_5_16,Apr,comment,50,ACl,2.0,6,69.51,0.0588052,1,4.85370016,38,27625.41,-1351251985.0,2.99899,1.16,43.70681385249561,82.0616932954407,7.717535696078926,3.002554897834616,2.57032292786542,5.32501759969648,2.492772721395804
38172,20121026210714920.MVET.3-8.fb1,MVET,65.0135,-16.8126,2012-10-26 21:07:14.920,2012,300.88,65.0409,-16.545,12.9769,1.0,-12345,-12345,55.979,14.7,15.588183,3.62559,0.0675,0.002812,10.0,7.5,0.0,anginc_corr,ass_5_15,Apr,comment,50,ACl,3.0,8,45.979,0.0588052,1,9.34245682,23,1975.804,-1351285985.0,3.89648,1.16,36.755178563792384,40.69915047442457,14.914409284546466,5.260171614950681,2.8353465202838826,1.2831752727237244,3.545126776501588
38173,20121027072020020.MVET.2-6.fb1,MVET,65.0135,-16.8126,2012-10-27 07:20:20.020,2012,301.306,65.0481,-16.5258,14.0506,1.0,-12345,-12345,83.898,13.9,15.826943,4.49066,0.255,0.01125,-34.0,10.0,0.0,anginc_corr,ass_5_15,Apr,comment,50,ACl,2.0,6,62.102,0.0588052,1,3.17082453,28,84663.16,-1351321985.0,3.3995,1.16,36.63800945512769,40.56425090592282,16.006337240266973,5.579598301709922,2.868725735213174,4.567837520791329,3.6032359113114
38174,20120718211339240.MVET.1-8.fb1,MVET,65.0135,-16.8126,2012-07-18 21:13:39.240,2012,200.884,65.0856,-16.7958,8.07962,2.1,-12345,-12345,155.822,13.9,15.731393,7.60142,0.13,0.00625,7.0,5.5,0.0,anginc_corr,ass_5_15,Apr,comment,50,ACl,1.0,8,31.178,0.0588052,1,5.08092976,33,52250.89,-1342645985.0,2.94643,1.16,43.97897212516431,74.61795740376267,8.83408162094137,3.4054121236550667,2.594129961415552,3.816063010476256,2.4450235126968023
38175,20130309140828880.MVET.2-6.fb1,MVET,65.0135,-16.8126,2013-03-09 14:08:28.880,2013,68.5891,65.0848,-16.5002,16.7207,0.9,-12345,-12345,148.045,13.9,15.724521,5.08738,0.09,0.00625,82.0,6.0,0.0,anginc_corr,ass_5_15,Apr,comment,50,ACl,2.0,6,66.045,0.0588052,1,7.07275152,36,12935.9,-1362837985.0,2.53906,1.16,36.16093525642604,39.57702116851562,18.79408761168884,6.400302662453745,2.9364373222443154,1.406113994039515,3.840747859193785
38176,20121028175236200.MVET.2-6.fb1,MVET,65.0135,-16.8126,2012-10-28 17:52:36.200,2012,302.745,65.0481,-16.5386,13.4744,1.0,-12345,-12345,98.713,13.9,15.556611,3.57552,0.24,0.005,-28.0,5.0,0.0,anginc_corr,ass_5_15,Apr,comment,50,ACl,2.0,6,53.287,0.0588052,1,7.49854326,44,23792.31,-1351446985.0,3.07617,1.16,36.70684238064414,40.64349176992834,15.419157578212374,5.4082476033205165,2.85104505362244,4.435484032592996,3.569088009013318
38177,20120806101636320.MVET.1-8.fb1,MVET,65.0135,-16.8126,2012-08-06 10:16:36.320,2012,219.428,65.022,-16.7593,2.68533,2.6,-12345,-12345,87.319,13.9,15.428565,3.67043,0.10125,0.00375,35.0,5.5,0.0,anginc_corr,ass_5_16,Apr,comment,50,ACl,1.0,8,52.319,0.0588052,1,4.42940235,72,13629.64,-1344247985.0,4.81048,1.16,36.05035628402622,120.75303979498966,3.765881049090192,1.5803596790503287,2.38292655717032,6.400208420140174,2.6
